    -nan 0.096380 0.094980 0.096370 0.105120 0.109105 0.108615 0.108345 0.103428 0.106740 0.097650 0.113270 0.118930 0.107060 0.103180 0.111490 0.103220
0.096380 0.083110 0.084890 0.086660 0.096840 0.103790 0.101212 0.099382 0.098333 0.098850 0.090315 0.103600 0.111025 0.100860 0.096210 0.106150 0.097787
0.094980 0.084890 0.080130 0.089290 0.094218 0.100823 0.098390 0.099977 0.097641 0.095205 0.088750 0.102360 0.112590 0.099420 0.094940 0.104780 0.096150
0.096370 0.086660 0.089290     -nan 0.101780 0.109755 0.105755 0.104160 0.100712 0.102850 0.092840 0.108160 0.117320 0.103990 0.100890 0.108840 0.099625
0.105120 0.096840 0.094217 0.101780 0.100230 0.108110 0.103460 0.101435 0.102245 0.099720 0.093485 0.106785 0.117525 0.103350 0.104065 0.107555 0.102380
0.109105 0.103790 0.100822 0.109755 0.108110 0.090150 0.097620 0.100890 0.106723 0.099990 0.100710 0.100580 0.119435 0.106175 0.108590 0.102830 0.107823
0.108615 0.101213 0.098390 0.105755 0.103460 0.097620 0.094060 0.094927 0.100996 0.095245 0.093125 0.102700 0.115930 0.099380 0.107110 0.099055 0.103695
0.108345 0.099382 0.099977 0.104160 0.101435 0.100890 0.094927 0.087630 0.101366 0.094345 0.097315 0.099810 0.118825 0.097815 0.104850 0.098355 0.102040
0.103428 0.098333 0.097641 0.100712 0.102245 0.106722 0.100996 0.101366 0.097862 0.099878 0.095855 0.108158 0.113815 0.105537 0.101382 0.103065 0.103630
0.106740 0.098850 0.095205 0.102850 0.099720 0.099990 0.095245 0.094345 0.099878     -nan 0.090510 0.096560 0.117720 0.095090 0.100400 0.104390 0.102955
0.097650 0.090315 0.088750 0.092840 0.093485 0.100710 0.093125 0.097315 0.095855 0.090510     -nan 0.103160 0.105930 0.100630 0.093190 0.102420 0.093465
0.113270 0.103600 0.102360 0.108160 0.106785 0.100580 0.102700 0.099810 0.108158 0.096560 0.103160     -nan 0.119510 0.106420 0.110360 0.108790 0.110605
0.118930 0.111025 0.112590 0.117320 0.117525 0.119435 0.115930 0.118825 0.113815 0.117720 0.105930 0.119510     -nan 0.124650 0.117970 0.119000 0.103985
0.107060 0.100860 0.099420 0.103990 0.103350 0.106175 0.099380 0.097815 0.105537 0.095090 0.100630 0.106420 0.124650     -nan 0.106520 0.105840 0.106825
0.103180 0.096210 0.094940 0.100890 0.104065 0.108590 0.107110 0.104850 0.101382 0.100400 0.093190 0.110360 0.117970 0.106520     -nan 0.109500 0.101955
0.111490 0.106150 0.104780 0.108840 0.107555 0.102830 0.099055 0.098355 0.103065 0.104390 0.102420 0.108790 0.119000 0.105840 0.109500     -nan 0.111030
0.103220 0.097787 0.096150 0.099625 0.102380 0.107823 0.103695 0.102040 0.103630 0.102955 0.093465 0.110605 0.103985 0.106825 0.101955 0.111030 0.098660
