-136.175136   57.591511    1.000000
-151.812605   62.534326    2.000000
-147.344757   62.534326    2.000000
-158.514378   57.591511    1.000000
-104.900197   37.820250    2.000000
 -82.560955   27.934620    2.000000
 -89.262728   42.763065    2.000000
 -95.964500   37.820250    2.000000
-100.432349   37.820250    4.000000
 -95.964500   47.705880    1.000000
-113.835894   47.705880    1.000000
 -73.625258   37.820250    1.000000
-107.134121   32.877435    1.000000
-100.432349   47.705880    1.000000
-120.537666   42.763065    1.000000
 -98.198424   32.877435    1.000000
-118.303742   47.705880    2.000000
