-166.497971   51.466950
 -57.313935   48.810738
 -98.333321   26.714154
-123.362825   45.880188
 -86.193123   48.000513
 -98.338009   43.204657
-157.636636   58.732938
-160.672379   68.558307
 -91.006701   57.062931
-106.077443   54.325873
-154.536407   51.791503
-114.142368   41.558866
-102.313204   36.372216
 -86.450824   39.791993
-149.944418   59.350819
 -97.182336   42.268299
-162.237237   52.275292
-113.247148   32.091081
-122.135473   65.924237
 -99.437587   32.550992
-111.431763   51.451481
 -99.956193   39.396481
-160.642399   55.608661
 -64.980679   60.826171
 -71.787206   51.537493
 -90.359476   64.269847
 -96.027259   33.100407
-126.394725   45.588121
-118.937411   61.038510
-160.849002   53.516438
-127.095536   52.709221
 -95.508299   34.406070
-157.471482   71.193551
 -58.223392   56.410342
-120.607103   49.423685
-121.289692   48.074577
