 -84.882045   33.610702
-142.007509   66.941598
 -83.559723   42.149420
 -57.505805   56.190833
-110.466689   35.256703
 -88.089512   37.678968
-116.470796   39.308940
 -95.242797   35.328890
-133.749131   67.270702
 -77.455597   34.696898
 -88.234772   52.526320
-150.926419   52.463818
-131.818425   51.948457
-134.031072   51.032861
 -82.721642   36.770588
-113.494572   28.492223
 -70.125863   46.247442
 -70.019638   49.666207
 -84.409007   47.267635
-108.919993   40.870588
 -96.350691   36.493026
 -95.998413   54.750294
-100.124773   58.663920
-107.635807   46.017266
 -91.780871   27.693689
 -66.979688   39.152431
-109.902684   30.424366
-101.009783   51.337317
 -80.206263   24.671871
-117.229211   65.405531
 -99.693128   59.632772
-132.673051   45.256830
