0.690495 1.254737
0.671632 1.314547
0.573918 1.432738
0.609725 1.563693
0.634592 0.795756
0.599236 1.715638
0.601566 1.303207
0.565016 1.090350
0.583358 1.008498
0.530473 0.877567
0.515869 0.984702
0.569452 0.878252
0.607940 2.383256
0.576567 1.262751
0.552124 0.876693
0.581122 0.693667
0.620006 1.182092
0.666479 1.112434
0.705778 2.902322
0.747672 1.305941
0.686866 1.076706
0.703094 0.635941
0.623507 0.984472
0.723551 1.283848
0.744146 0.645779
0.792672 0.731109
0.820218 1.057371
0.806121 1.240789
0.748221 0.435606
0.740816 1.100905
0.728744 0.719578
0.688796 0.713769
0.662839 1.229132
0.684510 1.212094
0.607019 0.495321
0.626582 1.185055
0.639557 1.212011
0.649775 1.133215
0.630342 0.871952
0.628773 0.778156
0.660883 0.773390
0.618209 1.176731
0.636655 1.450201
0.617330 1.245948
0.483163 1.126138
0.491429 0.996420
0.583824 0.841800
0.620997 1.178438
0.603835 0.814494
0.606231 1.381491
0.504438 1.171902
0.508977 0.670009
0.495581 1.100742
0.524114 1.270884
0.461709 1.019232
0.522929 1.176242
0.552961 1.097968
0.555179 1.726425
0.484208 0.747390
0.482051 1.292532
0.473690 1.133751
0.535934 0.862693
0.524639 0.925003
0.501009 1.449734
0.552544 1.172770
0.672221 1.421808
0.730515 1.347492
0.716433 0.860415
0.612657 0.676665
0.661780 0.911410
0.588397 1.581496
0.614563 1.311687
0.651746 1.120711
0.587884 1.532083
0.585567 1.732905
0.561948 1.095355
0.451404 1.181623
0.398162 1.608071
0.356176 2.805754
0.377285 1.819180
0.342645 0.922122
0.421245 1.031091
0.360312 0.853802
0.349374 2.010157
0.351391 1.909517
0.337813 2.108756
0.316807 1.470476
0.383485 0.905314
0.420286 1.141406
0.395502 1.497463
0.428456 1.901022
0.437548 1.168860
0.446861 1.891259
0.485999 1.300659
0.524268 1.549860
0.494648 1.520264
0.450893 1.099355
0.434129 1.548089
0.510740 1.458807
0.474356 1.349432
0.492013 1.839354
0.536183 1.384444
0.546955 1.381870
0.578319 1.371772
0.610440 1.092926
0.649725 1.295311
0.578199 0.924481
0.550179 1.092879
0.513173 0.784624
0.480008 1.284379
0.492115 0.982186
0.492256 1.412154
0.457481 1.195172
0.499394 1.051252
0.565522 1.056095
0.579195 0.955803
0.586720 1.141088
0.598723 1.115594
0.573775 0.947334
0.608446 0.827298
0.553794 0.684426
0.576270 0.807527
0.637069 0.929116
0.679504 1.091634
0.711959 0.837208
0.574802 0.994509
0.659867 0.772499
0.607073 1.095885
0.597262 1.513713
0.550141 1.177870
0.598969 1.602278
0.621645 1.195329
0.558909 1.095254
0.531460 1.377549
0.497498 1.073010
0.507518 0.830777
0.442017 0.732793
0.542615 1.182060
0.450150 1.062195
0.504968 1.216325
0.492076 1.338653
0.507430 1.184728
0.575833 0.810014
0.582509 1.043337
0.632969 1.176059
0.682279 1.059097
0.703208 0.758804
0.801089 1.209735
0.796903 1.064171
0.729171 1.108072
0.813373 1.688581
0.845919 1.523559
0.866981 1.575398
0.843160 1.096264
0.843826 1.010157
0.795179 1.168826
0.774479 1.272450
0.782780 1.432824
0.807443 1.016575
0.850756 1.316449
0.777540 0.652696
0.772969 0.803817
0.783956 1.361863
0.752763 0.612665
0.703207 0.936573
0.765656 0.830958
0.816593 0.842667
0.787340 1.439712
0.843237 1.170436
0.870276 0.904872
0.891696 1.593324
0.892244 0.966677
0.922984 1.421840
0.953747 1.376294
0.972818 0.626785
0.933684 1.329288
0.977429 1.551240
0.914070 0.667419
1.032553 1.167175
0.942154 1.395527
0.966350 0.950768
1.031744 0.910643
1.046316 0.770156
0.999491 1.054389
1.009196 1.265313
0.934196 1.165146
0.946914 1.003117
0.960299 0.968679
0.860332 0.763784
0.878777 1.013490
0.941281 0.589692
1.055365 0.952284
1.020704 2.432595
1.057166 1.074750
1.018680 1.016479
1.058037 0.747837
1.093649 1.130781
1.168944 1.047159
1.168673 1.064452
1.183502 1.497759
1.175420 1.107925
1.131570 1.040205
1.097910 1.353128
1.153906 1.108672
1.144405 1.625102
1.054839 1.148234
1.092702 1.010989
0.996218 0.651576
1.032818 0.980772
1.091934 0.883265
1.058186 0.992670
1.018346 0.766779
1.000444 1.821254
0.938836 0.961048
0.912859 1.135149
0.894663 1.412382
0.827894 0.948112
0.837446 1.403018
0.890367 1.608577
0.806692 1.099657
0.819814 1.147226
0.809470 2.619862
0.830280 0.779719
0.845883 0.818954
0.809671 0.893255
0.802558 1.071130
0.795136 1.056774
0.810615 1.123123
0.814864 0.805751
0.849468 1.513402
0.905891 0.989689
0.771292 1.163696
0.715758 1.175712
0.798897 0.805779
0.834388 0.765607
0.748365 1.471288
0.792773 0.945658
0.769582 0.939881
0.690236 1.122997
0.799664 1.689419
0.720324 1.212502
0.733497 1.077349
0.773367 1.144020
0.734627 1.754443
0.787639 0.829331
0.710354 0.808137
0.748608 1.052044
0.742265 0.804795
0.782261 1.393764
0.788154 0.776182
0.772490 1.648964
0.812593 1.227981
0.738410 1.101780
0.676185 0.937383
0.700324 0.957438
0.620911 0.902021
0.576808 1.483109
0.511258 0.900561
0.460880 1.288622
0.403595 0.945143
0.473613 1.475860
0.519640 0.986022
0.586735 0.731416
0.694627 0.827136
0.711278 0.831244
0.713755 0.683145
0.642984 0.539465
0.723180 0.786991
0.741457 1.323276
0.643384 0.591239
0.717431 0.638481
0.722672 0.678515
0.737037 0.563225
0.818692 0.609631
0.785287 1.563496
0.773547 0.747256
0.730880 1.118068
0.784699 0.872996
0.755703 1.546873
0.708388 0.831508
0.711538 0.999114
0.657344 1.002057
0.685250 1.362677
0.650157 0.893258
0.638878 0.740562
0.648174 0.957583
0.617776 1.507377
0.639669 1.113327
0.706238 1.120575
0.728031 0.999663
0.685655 1.686426
0.618194 1.065686
0.642299 1.211639
0.598246 1.592757
0.550871 1.080208
0.611514 0.997566
0.592200 1.090950
0.667124 1.037311
0.658089 0.941631
0.688314 1.303633
0.689737 0.981379
0.660310 0.932097
0.667833 1.153441
0.673112 1.979942
0.630410 0.786417
0.649834 1.087762
0.716395 1.322889
0.737188 2.401089
0.685264 0.878929
0.757572 1.157500
0.770211 0.773615
0.825631 1.074387
0.805717 1.316740
0.786203 1.553302
0.853086 1.178644
0.779580 1.517708
0.819247 1.183522
0.806901 1.433356
0.849456 1.426721
0.812844 1.328519
0.800617 1.042218
0.798711 0.868324
0.868417 0.884606
0.824341 1.773089
0.855936 1.009005
0.913516 0.740012
0.927608 1.120578
0.923028 1.128431
0.854980 1.336540
0.912439 1.637036
0.987566 1.221596
1.020443 0.954946
1.036367 0.861895
1.028513 1.082597
0.982212 1.828549
0.990391 0.938742
1.008743 0.988458
1.046612 0.987854
0.942342 1.113673
0.971090 1.650808
0.937873 1.003910
0.901516 1.240534
0.915035 0.919442
0.977524 1.031711
0.989311 0.824889
0.996489 0.967063
0.974162 0.756929
0.945023 1.618119
0.932089 2.202511
0.924474 1.585994
0.924976 0.945686
0.916896 1.329422
1.000986 1.443792
0.931143 1.375349
1.000689 0.986505
0.922410 1.046857
0.929813 1.627429
0.873005 1.505652
0.886523 1.708951
0.972683 1.640306
0.878016 1.299199
0.902201 1.028753
0.920419 1.210599
0.977392 0.915024
0.987663 1.052253
0.953920 1.533963
0.989823 1.489979
0.977603 1.069403
0.958734 0.768388
0.868956 1.324883
0.854332 1.100991
0.899439 1.360222
0.928856 0.853615
1.076241 0.943252
1.134903 1.114553
1.159778 0.974507
0.971184 0.945341
0.942294 1.535986
0.969924 1.236462
0.944860 1.017758
0.924947 1.998382
0.961295 1.199870
0.888618 1.634824
0.793216 0.967129
0.729002 0.977237
0.741175 0.773495
0.735679 1.783500
0.785530 0.906451
0.721007 0.907016
0.740898 1.456899
0.765216 1.466086
0.767353 0.796682
0.773551 1.164696
0.773554 1.032140
0.786704 0.801810
0.780636 0.898034
0.749063 0.779039
0.754832 0.615014
0.720299 0.775259
0.726824 1.300144
0.710286 1.540916
0.736588 0.840459
0.792276 1.875506
0.725165 0.831044
0.786846 1.191572
0.705870 1.693027
0.663994 0.951690
0.644808 1.009212
0.647104 1.157372
0.631843 1.114078
0.657679 1.448390
0.680963 0.995007
0.653080 1.019024
0.709144 0.894368
0.676890 0.849309
0.643427 1.242897
0.585825 1.166931
0.584274 1.040875
0.610847 1.726161
0.554486 0.838750
0.566424 0.598192
0.540249 1.620144
0.535178 0.915310
0.560784 1.379503
0.613452 1.102334
0.556924 1.054427
0.579502 1.651003
0.602649 0.978635
0.595106 0.605419
0.626961 1.638719
0.626376 1.634573
0.585510 2.527328
0.618663 1.559083
0.606474 0.967620
0.632868 1.038847
0.585059 1.145263
0.614284 0.703387
0.595276 1.329187
0.570160 1.039075
0.657569 1.268952
0.693120 1.653855
0.630264 1.143006
0.588105 1.372455
0.598176 0.668491
0.622036 1.064863
0.607604 1.218542
0.667529 1.006274
0.605803 1.014578
0.556620 1.462319
0.574628 1.069494
0.578882 1.524832
0.621105 0.870778
0.625864 0.834853
0.676752 1.025235
0.644291 1.255804
0.602291 0.980819
0.658255 1.348831
0.641201 0.752500
0.624165 0.961750
0.645865 1.532743
0.624839 0.889131
0.656765 0.522053
0.642101 1.018179
0.632433 1.001272
0.641794 0.993866
0.667512 1.343822
0.644364 0.947675
0.674381 0.992573
0.692187 1.479927
0.668173 0.774162
0.681398 0.914644
0.638331 1.119483
0.624938 1.017642
0.657968 0.856212
0.595847 1.114796
0.609255 0.846827
0.554547 1.044558
0.568588 1.140448
0.517708 0.954139
0.432797 1.611691
0.486965 1.042889
0.521852 1.321728
0.549190 1.130501
0.663745 1.243654
0.687605 1.712245
0.671369 0.956836
0.744337 1.144793
0.731685 1.012935
0.803733 1.034881
0.780225 1.070987
0.762968 0.810049
0.846065 1.283856
0.754519 0.994542
0.744511 0.932388
0.742834 2.187402
0.674449 1.641274
0.700156 0.850794
0.660314 1.223420
0.715221 1.893761
0.683991 0.786755
0.690020 1.460658
0.680961 1.350025
0.691784 0.989289
0.724015 1.018518
0.752453 1.423071
0.671239 0.952835
0.648832 0.985286
0.671329 0.914977
0.654401 1.021875
0.674780 1.324275
0.674068 0.973647
0.713674 0.990087
0.602482 1.058883
0.554700 0.789392
0.626658 1.287496
0.619172 0.866558
0.565538 1.949015
0.545675 0.791242
0.528856 1.399086
0.501438 1.332037
0.567162 1.166823
0.522956 1.644197
0.494374 1.576540
0.472287 1.230325
0.467336 1.902759
0.540033 1.508043
0.549183 1.934886
0.517579 1.300623
0.509462 1.511492
0.577311 0.949342
0.660678 1.348932
0.625632 1.401909
0.654577 1.183476
0.599876 1.489457
0.594396 2.006321
0.518997 1.110632
0.584751 0.953444
0.580502 1.469423
0.611763 0.824017
0.547627 0.944800
0.579205 2.223353
0.557125 1.258722
0.532258 1.483198
0.526996 0.831524
0.522656 1.323617
0.568881 0.789745
0.554375 1.306057
0.500770 1.395873
0.408548 1.686460
0.332600 1.138015
0.242050 1.781476
0.357443 1.158358
0.332122 1.637547
0.367524 1.266430
0.370120 1.534617
0.314008 1.418631
0.349255 1.790642
0.360483 0.659735
0.330720 1.214460
0.300665 0.987403
0.263968 0.752411
0.309801 0.930709
0.334279 1.065649
0.285053 0.904903
0.295938 1.805265
0.310777 1.238113
0.277571 0.773160
0.287002 0.863532
0.450539 1.137860
0.407458 0.953202
0.388321 1.222752
0.437296 1.128213
0.496702 0.981540
0.450684 1.106535
0.447013 0.765135
0.434072 1.358030
0.370682 0.940307
0.392644 1.527652
0.309706 0.918863
0.332052 0.768320
0.380738 1.096329
0.372060 1.121051
0.389550 1.649385
0.399390 1.576207
0.404046 1.592730
0.420667 1.051855
0.409297 1.333587
0.427122 0.929218
0.411382 1.019246
0.461207 1.096414
0.452333 1.176140
0.468914 1.061879
0.404734 2.426071
0.481022 1.659764
0.537387 0.969242
0.514346 0.752632
0.453114 1.417961
0.518774 1.521114
0.454392 1.066665
0.561921 1.228427
0.526335 1.191071
0.509878 1.845790
0.448902 0.896714
0.400938 0.769844
0.368191 1.193740
0.369509 1.284061
0.397220 1.088934
0.392907 0.953583
0.355192 1.258437
0.409415 0.879114
0.429333 0.692778
0.418362 1.087176
0.430637 0.755846
0.388153 0.876315
0.446007 0.979794
0.464471 0.664611
0.406209 1.253128
0.413831 1.530757
0.417852 1.490124
0.391275 0.992602
0.414560 0.964857
0.392366 1.850285
0.392244 1.620277
0.429103 1.157129
0.492163 1.386378
0.479061 0.884090
0.405731 0.784893
0.441852 1.446261
0.432686 0.921848
0.384234 1.071586
0.351605 1.143147
0.356729 1.016652
0.387017 1.002835
0.424553 0.732791
0.444869 0.740558
0.439606 0.909263
0.409380 1.303883
0.557015 1.056744
0.584206 0.777997
0.523430 1.192423
0.499435 0.966005
0.513017 1.953277
0.529650 1.438567
0.549271 1.173204
0.565861 1.142951
0.584344 0.984389
0.662320 0.930176
0.555036 0.734715
0.589715 0.959036
0.595471 1.091148
0.661217 0.948540
0.612284 1.293711
0.646215 1.322650
0.655161 1.031240
0.703661 0.717779
0.725239 1.085642
0.734552 1.172107
0.761958 1.728537
0.686380 1.230221
0.699494 1.172868
0.683438 1.026002
0.675061 1.065076
0.686217 1.607904
0.753346 0.956761
0.738384 1.464659
0.694913 1.037305
0.650988 0.975526
0.601514 1.225862
0.610420 1.219909
0.650466 0.912049
0.619495 0.755109
0.672009 0.936720
0.692253 1.262898
0.685737 1.035880
0.646547 2.259926
0.653951 0.988679
0.651777 1.259940
0.728611 1.239989
0.643674 0.894705
0.639677 1.554679
0.649484 0.750871
0.666583 1.614696
0.707212 2.042430
0.624096 1.914339
0.666795 0.815057
0.697822 0.842663
0.748221 1.705836
0.760024 1.157487
0.718790 1.275388
0.759938 1.341226
0.734234 1.012292
0.760831 1.264639
0.637593 1.049623
0.639892 1.511118
0.582650 1.154830
0.548144 1.261704
0.529493 0.789892
0.440128 0.762659
0.501711 1.154054
0.460574 1.213119
0.442330 2.081905
0.485907 1.688985
0.562031 0.819034
0.517807 1.001634
0.526265 2.433100
0.510478 0.713328
0.460474 1.407150
0.479951 1.355718
0.486700 1.378574
0.435007 1.171909
0.409813 1.318346
0.414524 0.866257
0.443195 1.119659
0.399018 1.094736
0.444957 1.174543
0.411103 0.911310
0.412752 1.349895
0.414661 0.977875
0.388318 1.968418
0.419267 1.178815
0.420716 2.520822
0.434221 2.628485
0.459750 1.535374
0.416415 1.091982
0.433038 0.853972
0.472482 1.182415
0.456376 1.259940
0.466789 1.473230
0.544748 1.628146
0.526832 3.398624
0.446948 1.025772
0.527897 1.004903
0.475594 1.357155
0.432930 0.788639
0.439034 0.998664
0.431772 0.756507
0.331540 1.271300
0.428958 1.288017
0.347924 1.456784
0.421189 1.278935
0.394255 0.832109
0.436888 1.302273
0.373847 0.920043
0.373485 1.031685
0.412950 0.870335
0.402124 0.886565
0.407557 1.715081
0.423975 1.204250
0.403816 2.350431
0.460361 0.863922
0.434907 1.162799
0.438420 2.144165
0.392740 1.871829
0.390773 1.436527
0.341620 1.190189
0.334895 1.112569
0.336475 1.478660
0.326527 0.864454
0.336576 0.832753
0.289825 2.330088
0.277963 1.353918
0.335575 0.965336
0.282863 1.164039
0.336683 1.975759
0.408728 1.419555
0.416068 1.513368
0.419927 1.415447
0.434540 1.072959
0.396299 1.683177
0.376147 0.809179
0.352681 0.833877
0.340960 1.152025
0.387893 1.634598
0.317132 1.313264
0.321357 1.002434
0.359187 0.948413
0.373000 2.011270
0.411832 2.069182
0.416460 1.782941
0.470947 1.242367
0.484410 1.036862
0.540742 1.148285
0.574699 1.532927
0.550142 1.066529
0.625746 1.061889
0.618358 1.252468
0.663586 1.743793
0.659418 1.396746
0.673125 1.184658
0.689998 1.202696
0.698866 1.631396
0.719439 0.724158
0.691578 1.864227
0.634430 0.833916
0.649770 1.048672
0.671963 1.275853
0.668213 1.198438
0.726896 1.473654
0.729336 1.301856
0.724230 0.895055
0.749608 1.324034
0.721873 1.547703
0.667138 0.837259
0.718899 1.288123
0.615460 0.927263
0.670164 0.916673
0.657998 1.423015
0.779439 0.706341
0.716416 0.809894
0.718099 1.051530
0.714704 1.347934
0.614043 1.455343
0.658901 0.949458
0.677346 1.395575
0.712068 0.666495
0.726224 2.003008
0.678232 0.710514
0.740528 0.745279
0.755544 1.136601
0.767064 1.710065
0.761067 0.962062
0.761149 0.735647
0.781424 1.201573
0.719170 1.137958
0.730346 1.538352
0.699635 0.980871
0.753579 0.848130
0.761087 1.096445
0.776435 0.954604
0.828205 1.130784
0.906433 0.860986
0.852392 1.233451
0.893488 2.586595
0.850547 1.483524
0.874400 1.036246
0.830769 1.192232
0.659118 0.834378
0.625334 0.905489
0.580326 0.958393
0.555805 1.673630
0.563725 1.354202
0.598959 0.786266
0.553527 1.114755
0.539224 1.098807
0.582196 3.650172
0.545829 1.698406
0.548847 1.350657
0.489606 2.015975
0.539534 0.769239
0.533409 0.846063
0.513956 1.028183
0.577024 1.482450
0.537422 1.049437
0.548563 1.492811
0.537605 0.666872
0.547857 0.949836
0.531717 2.199376
0.595484 1.422056
0.546994 0.846772
0.617453 1.367658
0.640671 1.238289
0.614057 1.456820
0.566593 1.025342
0.598841 1.245060
0.543843 1.514944
0.555497 1.237156
0.573196 1.032380
0.582921 1.241345
0.540032 1.362910
0.718703 1.572162
0.668226 1.132050
0.627019 1.765678
0.564354 0.848176
0.589750 0.954742
0.540844 1.524623
0.578448 0.808553
0.479918 0.796171
0.396923 1.399192
0.463881 0.898558
0.388559 1.451978
0.440592 1.487678
0.423252 1.492327
0.476537 1.170679
0.472338 0.911961
0.497274 0.936305
0.466017 2.105920
0.577949 1.110646
0.569109 1.120119
0.504555 0.971152
0.465134 1.151749
0.531800 1.484232
0.421972 1.192814
0.437569 0.910355
0.490648 1.523454
0.475983 1.786318
0.462135 0.931309
0.388392 1.421946
0.429548 0.884442
0.468312 1.139867
0.509638 0.802093
