0.000000 0.014726
0.000000 0.012852
0.000000 0.011229
0.000000 0.033501
0.000000 0.019120
0.000000 0.018388
0.000000 0.025000
0.000000 0.014680
0.000000 0.014298
0.000000 0.022665
0.000000 0.022045
0.000000 0.023276
0.000000 0.037073
0.000000 0.023031
0.000000 0.018122
0.000000 0.028649
0.000000 0.031534
0.000000 0.021973
0.000000 0.029134
0.000000 0.017698
0.000000 0.022127
0.000000 0.017773
0.000000 0.013299
0.000000 0.009490
0.000000 0.016007
0.000000 0.013046
0.000000 0.016068
0.000000 0.018315
0.000000 0.015708
0.000000 0.014389
0.000000 0.020388
0.000000 0.011609
0.000000 0.020371
0.000000 0.014638
0.000000 0.026089
0.000000 0.014175
0.000000 0.017133
0.000000 0.008626
0.000000 0.014999
0.000000 0.008852
0.000000 0.018542
0.000000 0.011643
0.000000 0.029686
0.000000 0.016341
0.000000 0.016632
0.000000 0.015312
0.000000 0.020874
0.000000 0.027328
0.000000 0.014141
0.000000 0.024120
0.000000 0.022140
0.000000 0.019639
0.000000 0.023690
0.000000 0.016268
0.000000 0.019586
0.000000 0.017029
0.000000 0.013761
0.000000 0.015803
0.000000 0.013539
0.000000 0.015624
0.000000 0.017151
0.000000 0.016620
0.000000 0.012520
0.000000 0.014636
0.000000 0.019151
0.000000 0.014594
0.000000 0.015221
0.000000 0.015081
0.000000 0.014539
0.000000 0.011076
0.000000 0.012638
0.000000 0.024095
0.000000 0.011010
0.000000 0.015455
0.000000 0.015447
0.000000 0.011516
0.000000 0.024289
0.000000 0.023078
0.000000 0.013284
0.000000 0.021855
0.000000 0.011589
0.000000 0.014825
0.000000 0.013767
0.000000 0.012151
0.000000 0.009391
0.000000 0.014477
0.000000 0.013569
0.000000 0.013182
0.000000 0.013374
0.000000 0.016493
0.000000 0.013598
0.000000 0.012738
0.000000 0.018145
0.000000 0.015023
0.000000 0.012625
0.000000 0.010832
0.000000 0.013875
0.000000 0.014406
0.000000 0.012313
0.000000 0.010386
0.000000 0.013067
0.000000 0.015733
0.000000 0.009998
0.000000 0.021256
0.000000 0.028201
0.000000 0.017430
0.000000 0.013961
0.000000 0.022380
0.000000 0.017385
0.000000 0.015545
0.000000 0.013545
0.000000 0.026999
0.000000 0.016473
0.000000 0.016161
0.000000 0.023807
0.000000 0.026743
0.000000 0.020419
0.000000 0.015371
0.000000 0.025901
0.000000 0.018966
0.000000 0.027646
0.000000 0.016910
0.000000 0.018916
0.000000 0.015587
0.000000 0.015629
0.000000 0.018322
0.000000 0.016738
0.000000 0.017694
0.000000 0.019026
0.000000 0.023169
0.000000 0.013885
0.000000 0.022480
0.000000 0.023509
0.000000 0.018766
0.000000 0.012719
0.000000 0.019003
0.000000 0.028949
0.000000 0.016147
0.000000 0.015314
0.000000 0.013938
0.000000 0.021210
0.000000 0.041197
0.000000 0.028844
0.000000 0.020723
0.000000 0.020567
0.000000 0.017525
0.000000 0.015024
0.000000 0.021652
0.000000 0.021849
0.000000 0.023293
0.000000 0.027450
0.000000 0.031293
0.000000 0.014498
0.000000 0.020459
0.000000 0.013805
0.000000 0.009894
0.000000 0.013892
0.000000 0.028360
0.000000 0.032538
0.000000 0.027565
0.000000 0.025632
0.000000 0.017543
0.000000 0.018171
0.000000 0.017902
0.000000 0.020109
0.000000 0.019352
0.000000 0.020744
0.000000 0.019025
0.000000 0.018039
0.000000 0.019334
0.000000 0.018062
0.000000 0.028661
0.000000 0.015558
0.000000 0.017851
0.000000 0.022980
0.000000 0.030796
0.000000 0.021183
0.000000 0.026457
0.000000 0.022440
0.000000 0.024803
0.000000 0.032845
0.000000 0.017953
0.000000 0.013471
0.000000 0.027017
0.000000 0.014343
0.000000 0.010854
0.000000 0.018971
0.000000 0.014674
0.000000 0.017891
0.000000 0.013608
0.000000 0.016119
0.000000 0.017073
0.000000 0.010133
0.000000 0.013911
0.000000 0.016047
0.000000 0.025119
0.000000 0.018894
0.000000 0.020543
0.000000 0.021021
0.000000 0.027560
0.000000 0.020616
0.000000 0.015536
0.000000 0.028280
0.000000 0.016491
0.000000 0.035692
0.000000 0.014434
0.000000 0.015967
0.000000 0.020684
0.000000 0.018602
0.000000 0.016386
0.000000 0.028973
0.000000 0.021005
0.000000 0.016271
0.000000 0.015074
0.000000 0.024337
0.000000 0.016541
0.000000 0.027135
0.000000 0.012996
0.000000 0.016839
0.000000 0.017195
0.000000 0.016990
0.000000 0.013187
0.000000 0.016373
0.000000 0.019679
0.000000 0.020313
0.000000 0.014123
0.000000 0.017001
0.000000 0.012983
0.000000 0.017646
0.000000 0.019370
0.000000 0.015030
0.000000 0.014960
0.000000 0.013428
0.000000 0.014236
0.000000 0.011803
0.000000 0.011484
0.000000 0.008672
0.000000 0.016083
0.000000 0.014892
0.000000 0.023288
0.000000 0.018367
0.000000 0.021453
0.000000 0.020356
0.000000 0.013423
0.000000 0.023621
0.000000 0.015217
0.000000 0.025750
0.000000 0.013515
0.000000 0.019877
0.000000 0.016802
0.000000 0.013356
0.000000 0.019012
0.000000 0.016376
0.000000 0.018111
0.000000 0.036198
0.000000 0.011732
0.000000 0.017523
0.000000 0.023339
0.000000 0.033547
0.000000 0.015988
0.000000 0.025332
0.000000 0.013436
0.000000 0.014487
0.000000 0.024675
0.000000 0.016801
0.000000 0.016728
0.000000 0.018914
0.000000 0.024840
0.000000 0.016482
0.000000 0.028501
0.000000 0.030559
0.000000 0.101335
0.000000 0.020649
0.000000 0.024872
0.000000 0.017333
0.000000 0.020341
0.000000 0.032887
0.000000 0.045072
0.000000 0.018666
0.000000 0.018963
0.000000 0.042725
0.000000 0.015253
0.000000 0.029319
0.000000 0.026940
0.000000 0.018850
0.000000 0.017916
0.000000 0.023122
0.000000 0.013619
0.000000 0.020223
0.000000 0.030190
0.000000 0.020181
0.000000 0.025310
0.000000 0.024875
0.000000 0.021763
0.000000 0.017710
0.000000 0.030672
0.000000 0.036393
0.000000 0.022644
0.000000 0.032618
0.000000 0.024068
0.000000 0.015918
0.000000 0.021685
0.000000 0.017697
0.000000 0.024410
0.000000 0.018368
0.000000 0.032321
0.000000 0.018581
0.000000 0.051275
0.000000 0.018658
0.000000 0.020822
0.000000 0.019724
0.000000 0.016435
0.000000 0.036565
0.000000 0.022657
0.000000 0.043785
0.000000 0.030147
0.000000 0.032241
0.000000 0.020143
0.000000 0.020970
0.000000 0.013818
0.000000 0.019676
0.000000 0.048801
0.000000 0.025952
0.000000 0.019173
0.000000 0.023599
0.000000 0.019854
0.000000 0.028225
0.000000 0.022790
0.000000 0.034403
0.000000 0.024799
0.000000 0.021218
0.000000 0.025985
0.000000 0.036973
0.000000 0.036543
0.000000 0.043773
0.000000 0.025044
0.000000 0.051521
0.000000 0.050893
0.000000 0.029917
0.000000 0.014376
0.000000 0.032893
0.000000 0.068533
0.000000 0.020855
0.000000 0.026262
0.000000 0.019450
0.000000 0.054332
0.000000 0.027759
0.000000 0.034774
0.000000 0.053514
0.000000 0.036007
0.000000 0.018564
0.000000 0.036041
0.000000 0.045526
0.000000 0.037522
0.000000 0.030582
0.000000 0.038378
0.000000 0.031877
0.000000 0.026183
0.000000 0.057130
0.000000 0.019608
0.000000 0.034069
0.000000 0.026474
0.000000 0.033424
0.000000 0.032070
0.000000 0.037645
0.000000 0.029278
0.000000 0.052479
0.000000 0.034795
0.000000 0.051750
0.000000 0.032206
0.000000 0.029840
0.000000 0.036383
0.000000 0.065203
0.000000 0.020484
0.000000 0.034132
0.000000 0.029928
0.000000 0.027483
0.000000 0.023606
0.000000 0.025377
0.000000 0.041748
0.000000 0.089114
0.000000 0.020767
0.000000 0.042161
0.000000 0.026082
0.000000 0.020193
0.000000 0.055981
0.000000 0.041469
0.000000 0.047467
0.000000 0.029110
0.000000 0.020987
0.000000 0.031619
0.000000 0.041011
0.000000 0.035914
0.000000 0.026563
0.000000 0.026714
0.000000 0.028969
0.000000 0.013775
0.000000 0.027537
0.000000 0.029845
0.000000 0.014441
0.000000 0.014484
0.000000 0.021638
0.000000 0.020350
0.000000 0.055761
0.000000 0.017549
0.000000 0.029516
0.000000 0.020715
0.000000 0.027442
0.000000 0.024294
0.000000 0.019877
0.000000 0.024468
0.000000 0.021175
0.000000 0.017264
0.000000 0.021678
0.000000 0.025267
0.000000 0.065356
0.000000 0.020529
0.000000 0.018265
0.000000 0.022140
0.000000 0.024170
0.000000 0.061496
0.000000 0.038053
0.000000 0.050515
0.000000 0.040673
0.000000 0.021542
0.000000 0.025761
0.000000 0.026904
0.000000 0.024431
0.000000 0.016072
0.000000 0.024090
0.000000 0.026819
0.000000 0.010941
0.000000 0.027348
0.000000 0.027744
0.000000 0.017323
0.000000 0.027882
0.000000 0.019653
0.000000 0.022062
0.000000 0.019087
0.000000 0.022205
0.000000 0.011680
0.000000 0.013059
0.000000 0.013396
0.000000 0.014122
0.000000 0.014835
0.000000 0.013514
0.000000 0.015851
0.000000 0.019895
0.000000 0.019584
0.000000 0.015895
0.000000 0.015524
0.000000 0.016466
0.000000 0.011379
0.000000 0.011488
0.000000 0.014365
0.000000 0.013712
0.000000 0.020350
0.000000 0.018036
0.000000 0.013704
0.000000 0.017398
0.000000 0.018487
0.000000 0.017892
0.000000 0.011026
0.000000 0.016853
0.000000 0.012758
0.000000 0.018833
0.000000 0.021681
0.000000 0.036977
0.000000 0.025402
0.000000 0.014720
0.000000 0.026993
0.000000 0.029837
0.000000 0.019224
0.000000 0.017868
0.000000 0.026450
0.000000 0.019239
0.000000 0.017780
0.000000 0.014624
0.000000 0.015916
0.000000 0.015446
0.000000 0.013377
0.000000 0.017967
0.000000 0.014145
0.000000 0.026078
0.000000 0.016630
0.000000 0.015025
0.000000 0.014110
0.000000 0.018330
0.000000 0.020030
0.000000 0.027665
0.000000 0.022764
0.000000 0.025454
0.000000 0.021510
0.000000 0.014670
0.000000 0.020639
0.000000 0.023339
0.000000 0.012181
0.000000 0.022010
0.000000 0.029297
0.000000 0.017997
0.000000 0.017762
0.000000 0.024216
0.000000 0.016122
0.000000 0.021818
0.000000 0.012452
0.000000 0.024281
0.000000 0.026497
0.000000 0.017652
0.000000 0.023623
0.000000 0.046448
0.000000 0.011651
0.000000 0.019331
0.000000 0.034201
0.000000 0.022428
0.000000 0.017286
0.000000 0.016831
0.000000 0.023737
0.000000 0.017248
0.000000 0.012315
0.000000 0.015820
0.000000 0.028869
0.000000 0.018877
0.000000 0.018359
0.000000 0.017482
0.000000 0.028540
0.000000 0.021853
0.000000 0.015433
0.000000 0.017574
0.000000 0.028296
0.000000 0.021229
0.000000 0.022268
0.000000 0.029066
0.000000 0.032083
0.000000 0.016578
0.000000 0.018974
0.000000 0.025638
0.000000 0.020886
0.000000 0.019695
0.000000 0.036355
0.000000 0.023813
0.000000 0.026539
0.000000 0.024068
0.000000 0.023110
0.000000 0.016576
0.000000 0.019227
0.000000 0.022167
0.000000 0.023794
0.000000 0.021948
0.000000 0.027972
0.000000 0.020925
0.000000 0.015732
0.000000 0.014251
0.000000 0.021792
0.000000 0.017049
0.000000 0.024165
0.000000 0.026868
0.000000 0.022891
0.000000 0.016420
0.000000 0.016331
0.000000 0.027992
0.000000 0.013176
0.000000 0.021913
0.000000 0.013148
0.000000 0.020115
0.000000 0.025179
0.000000 0.014118
0.000000 0.020268
0.000000 0.019114
0.000000 0.027396
0.000000 0.027860
0.000000 0.022295
0.000000 0.025279
0.000000 0.025711
0.000000 0.027220
0.000000 0.016297
0.000000 0.011478
0.000000 0.022943
0.000000 0.025007
0.000000 0.029609
0.000000 0.015224
0.000000 0.012226
0.000000 0.020838
0.000000 0.026144
0.000000 0.020730
0.000000 0.013579
0.000000 0.022860
0.000000 0.016837
0.000000 0.018335
0.000000 0.026394
0.000000 0.033454
0.000000 0.024049
0.000000 0.015402
0.000000 0.026808
0.000000 0.021280
0.000000 0.031152
0.000000 0.013794
0.000000 0.020774
0.000000 0.038902
0.000000 0.029389
0.000000 0.023421
0.000000 0.025533
0.000000 0.019522
0.000000 0.024128
0.000000 0.037087
0.000000 0.014222
0.000000 0.015971
0.000000 0.022537
0.000000 0.015742
0.000000 0.017743
0.000000 0.011719
0.000000 0.011075
0.000000 0.015529
0.000000 0.014664
0.000000 0.018862
0.000000 0.014989
0.000000 0.015029
0.000000 0.015203
0.000000 0.017281
0.000000 0.017992
0.000000 0.012460
0.000000 0.012746
0.000000 0.017194
0.000000 0.022546
0.000000 0.021532
0.000000 0.019662
0.000000 0.014516
0.000000 0.025171
0.000000 0.020481
0.000000 0.021181
0.000000 0.015084
0.000000 0.016562
0.000000 0.023276
0.000000 0.020905
0.000000 0.015636
0.000000 0.018510
0.000000 0.014718
0.000000 0.017816
0.000000 0.020282
0.000000 0.012060
0.000000 0.022392
0.000000 0.019906
0.000000 0.016521
0.000000 0.014210
0.000000 0.018701
0.000000 0.013493
0.000000 0.020353
0.000000 0.009985
0.000000 0.013411
0.000000 0.011921
0.000000 0.010969
0.000000 0.012649
0.000000 0.012470
0.000000 0.019849
0.000000 0.023361
0.000000 0.013189
0.000000 0.019065
0.000000 0.009989
0.000000 0.017942
0.000000 0.019918
0.000000 0.028693
0.000000 0.029909
0.000000 0.031820
0.000000 0.021578
0.000000 0.029258
0.000000 0.024557
0.000000 0.019204
0.000000 0.022544
0.000000 0.028659
0.000000 0.014981
0.000000 0.025130
0.000000 0.016238
0.000000 0.023565
0.000000 0.030870
0.000000 0.024184
0.000000 0.016714
0.000000 0.023324
0.000000 0.027788
0.000000 0.022119
0.000000 0.030803
0.000000 0.015527
0.000000 0.023808
0.000000 0.018581
0.000000 0.011125
0.000000 0.017073
0.000000 0.012979
0.000000 0.012144
0.000000 0.015890
0.000000 0.016805
0.000000 0.033334
0.000000 0.031086
0.000000 0.020601
0.000000 0.026537
0.000000 0.016136
0.000000 0.032014
0.000000 0.021309
0.000000 0.012876
0.000000 0.015453
0.000000 0.028501
0.000000 0.014326
0.000000 0.030004
0.000000 0.020275
0.000000 0.028628
0.000000 0.024277
0.000000 0.022504
0.000000 0.016078
0.000000 0.012408
0.000000 0.017608
0.000000 0.014320
0.000000 0.017929
0.000000 0.021029
0.000000 0.021937
0.000000 0.014059
0.000000 0.012088
0.000000 0.013813
0.000000 0.018888
0.000000 0.021978
0.000000 0.025881
0.000000 0.020454
0.000000 0.013710
0.000000 0.012498
0.000000 0.022717
0.000000 0.010734
0.000000 0.017766
0.000000 0.019697
0.000000 0.014219
0.000000 0.025383
0.000000 0.020583
0.000000 0.028651
0.000000 0.013066
0.000000 0.014637
0.000000 0.015859
0.000000 0.020262
0.000000 0.025474
0.000000 0.016779
0.000000 0.016934
0.000000 0.026324
0.000000 0.021181
0.000000 0.013605
0.000000 0.015915
0.000000 0.034791
0.000000 0.026412
0.000000 0.058701
0.000000 0.016513
0.000000 0.042799
0.000000 0.018643
0.000000 0.026688
0.000000 0.024754
0.000000 0.014631
0.000000 0.029262
0.000000 0.020573
0.000000 0.016453
0.000000 0.022300
0.000000 0.020788
0.000000 0.022906
0.000000 0.011859
0.000000 0.015383
0.000000 0.020870
0.000000 0.016683
0.000000 0.013238
0.000000 0.016734
0.000000 0.018376
0.000000 0.025465
0.000000 0.036631
0.000000 0.020531
0.000000 0.017289
0.000000 0.015282
0.000000 0.015213
0.000000 0.015632
0.000000 0.015369
0.000000 0.017341
0.000000 0.016452
0.000000 0.016302
0.000000 0.009808
0.000000 0.014862
0.000000 0.011888
0.000000 0.010218
0.000000 0.012934
0.000000 0.012495
0.000000 0.013689
0.000000 0.020028
0.000000 0.013972
0.000000 0.016005
0.000000 0.017040
0.000000 0.017394
0.000000 0.011985
0.000000 0.012860
0.000000 0.009802
0.000000 0.018442
0.000000 0.012389
0.000000 0.019648
0.000000 0.014333
0.000000 0.016321
0.000000 0.009164
0.000000 0.011052
0.000000 0.011491
0.000000 0.010939
0.000000 0.009713
0.000000 0.009077
0.000000 0.013383
0.000000 0.014605
0.000000 0.013126
0.000000 0.017028
0.000000 0.011258
0.000000 0.009640
0.000000 0.009755
0.000000 0.013062
0.000000 0.015418
0.000000 0.025735
0.000000 0.009081
0.000000 0.015793
0.000000 0.010814
0.000000 0.013211
0.000000 0.011190
0.000000 0.019425
0.000000 0.012467
0.000000 0.016168
0.000000 0.015082
0.000000 0.014651
0.000000 0.017126
0.000000 0.018726
0.000000 0.018216
0.000000 0.015704
0.000000 0.019856
0.000000 0.021639
0.000000 0.017755
0.000000 0.014387
0.000000 0.020498
0.000000 0.018846
0.000000 0.026595
0.000000 0.019027
0.000000 0.034160
0.000000 0.016847
0.000000 0.023196
0.000000 0.019255
0.000000 0.019175
0.000000 0.025365
0.000000 0.013661
0.000000 0.024862
0.000000 0.022773
0.000000 0.018653
0.000000 0.010431
0.000000 0.012731
0.000000 0.014286
0.000000 0.021358
0.000000 0.019792
0.000000 0.017850
0.000000 0.012014
0.000000 0.012048
0.000000 0.012137
0.000000 0.016252
0.000000 0.020879
0.000000 0.019657
0.000000 0.022366
0.000000 0.039832
0.000000 0.025322
0.000000 0.022782
0.000000 0.023519
0.000000 0.016869
0.000000 0.029371
0.000000 0.017384
0.000000 0.029312
0.000000 0.017640
0.000000 0.019173
0.000000 0.023802
0.000000 0.018506
0.000000 0.013832
0.000000 0.012058
0.000000 0.020541
0.000000 0.016483
0.000000 0.013509
0.000000 0.013336
0.000000 0.027089
0.000000 0.014212
0.000000 0.019237
0.000000 0.019242
0.000000 0.012788
0.000000 0.016486
0.000000 0.025502
0.000000 0.016476
0.000000 0.016201
0.000000 0.016483
0.000000 0.013735
0.000000 0.010950
0.000000 0.014123
0.000000 0.014420
0.000000 0.024854
0.000000 0.020297
0.000000 0.010754
0.000000 0.017648
0.000000 0.019500
0.000000 0.021800
0.000000 0.015027
0.000000 0.022897
0.000000 0.013434
0.000000 0.013757
0.000000 0.016727
0.000000 0.017576
0.000000 0.014822
0.000000 0.039738
0.000000 0.026747
