   85.796438 27193.409427
   76.744765 27199.784277
   91.079405 27204.092788
   96.079764 27204.226438
   84.721582 27198.829045
   86.121192 27197.701083
   82.275061 27183.814242
   78.568038 27186.166568
   72.969246 27186.313752
   66.632263 27187.121966
   57.214250 27181.111543
   59.554208 27198.467390
   65.916628 27195.928318
   67.459950 27197.608635
   48.588714 27192.228856
   59.221526 27184.315275
   60.132916 27190.834587
   69.751274 27186.989055
   70.137664 27181.912792
   71.280252 27173.463290
   87.095647 27178.311215
   99.596269 27190.568593
  100.100429 27193.909223
   97.044325 27187.230141
   91.022280 27202.850588
   93.818797 27194.631353
  106.745125 27189.940560
   94.912797 27196.333414
   90.793679 27196.463998
  102.858430 27199.563426
  120.940185 27197.155743
  104.155023 27194.041232
   97.942313 27192.269500
  102.571019 27205.536743
  110.956207 27205.218298
   98.333110 27197.182388
  106.688427 27201.934056
   98.533892 27205.769603
   87.331096 27196.694372
   86.959063 27196.855061
   81.998441 27200.356527
   82.517392 27211.551724
   96.477407 27210.383831
   86.979325 27206.994609
   74.720582 27210.201637
   64.805599 27212.095620
   72.412675 27209.613975
   74.761053 27204.243767
   61.734053 27191.574302
   54.491490 27193.188546
   74.705622 27199.921298
   95.977256 27206.732129
   85.473145 27203.497055
   79.493949 27206.152748
   85.070667 27205.132834
   75.458735 27197.278291
   67.447586 27193.166789
   79.501567 27199.206803
   82.777764 27202.052594
  103.436019 27200.844671
  101.175645 27201.881245
   93.339947 27207.460432
  100.836011 27202.585268
  107.690005 27199.908639
  115.999450 27199.373775
  108.801259 27198.911435
   99.069087 27202.498400
  110.682425 27199.334173
  108.504788 27184.695486
  105.882575 27195.327150
  102.323559 27203.437378
  102.328906 27200.532790
   87.939283 27195.561724
   80.190105 27189.719585
   77.624073 27195.101634
   66.960744 27191.087689
   74.566911 27192.355385
   82.168483 27191.097074
   83.569285 27198.099509
   82.337861 27192.270337
   84.891185 27191.736449
  100.605387 27197.643610
  101.941647 27201.161709
  103.959654 27199.542306
   87.953606 27199.552617
  102.512533 27200.886077
   94.640395 27196.203425
   92.165890 27203.862188
   99.110899 27200.953465
   93.842420 27200.300147
   86.696530 27193.671979
   88.727862 27201.391909
   95.954724 27202.989919
   92.423122 27194.784136
   98.904001 27194.842149
  100.749666 27193.150118
  104.612575 27200.198514
  100.685240 27194.727843
  104.850005 27200.114976
   91.823741 27198.697582
   80.972210 27194.217106
  100.209548 27199.442048
   77.675961 27189.680656
   82.606144 27195.051237
   89.692621 27190.722952
   81.628364 27201.073995
   86.803529 27189.611459
   94.047525 27193.652734
   96.356212 27194.249179
   77.440282 27193.836652
   59.715306 27202.700048
   60.831469 27191.482506
   47.623643 27191.006009
   54.207060 27187.935761
   59.899967 27197.160815
   59.186776 27205.043274
   66.551576 27205.604241
   58.100768 27207.106382
   52.083240 27205.449883
   54.303450 27212.654183
   66.617689 27215.055524
   58.300482 27202.791608
   51.968832 27212.374461
   58.795746 27209.942300
   88.224580 27210.652443
   92.014210 27207.251423
   87.916517 27203.536127
   90.759066 27212.198541
   91.640463 27207.358851
   82.335687 27212.999514
   76.159780 27204.817383
   80.334198 27207.062942
   97.305649 27210.773480
   95.147800 27211.665745
   89.750028 27214.484752
   92.809701 27215.266434
   97.392385 27200.563767
   95.709278 27191.220100
   97.768099 27207.465664
   92.948427 27204.679141
   93.482177 27205.359755
  103.774838 27194.559424
   98.231649 27197.842980
   98.552096 27204.228651
   90.201745 27211.339709
   92.682190 27206.651562
   83.277011 27209.436520
   86.020259 27213.779977
   93.884838 27217.092345
   89.488170 27208.055623
   99.715555 27204.304977
   99.166104 27203.688384
   97.086694 27201.860247
  104.833227 27208.218298
   98.153688 27203.914081
  100.311330 27201.906324
   87.803112 27213.403601
   76.548240 27209.853729
   73.645142 27189.437690
   66.309163 27192.957417
   75.121839 27201.663847
   80.694099 27202.925645
   78.233119 27204.365482
   78.011844 27199.864296
   79.726466 27200.964845
   76.495994 27200.110170
   71.819022 27210.188828
   82.414887 27195.890067
   87.442956 27206.454721
   90.605649 27200.682583
   78.658637 27212.741703
   88.948366 27201.286797
   68.364244 27195.446664
   81.593145 27198.236867
   74.212220 27199.308435
   77.516424 27196.634090
   72.718069 27200.083761
   76.841311 27200.273142
   80.487119 27204.952807
   78.917197 27202.462470
   85.343391 27213.130925
   91.291709 27203.417259
   91.368577 27201.929889
   93.359539 27203.157031
  104.537863 27207.069875
  103.925268 27199.916310
   99.262362 27176.849231
   87.482656 27198.114646
   88.004458 27203.994687
   85.475701 27203.742000
   92.487339 27205.076462
  103.380243 27213.250530
   92.941737 27210.983207
   94.751055 27206.591073
   98.508999 27206.380545
   93.638102 27199.274915
   71.488616 27199.206988
   70.107993 27203.165724
   66.341069 27201.292109
   57.573309 27202.175361
   64.755744 27203.656863
   70.387174 27200.199747
   68.340665 27201.642547
   62.954117 27201.922030
   73.344618 27203.746999
   79.427251 27207.869859
   62.937634 27205.573486
   62.515467 27200.880377
   65.945601 27207.278984
   75.579366 27208.744306
   77.566903 27206.718794
   68.922504 27195.920944
   74.246721 27206.661198
   73.990982 27208.454371
   76.885878 27212.943735
   73.121996 27202.926746
   77.434412 27202.766271
   85.970731 27209.696045
   97.326789 27207.874393
   86.766373 27205.273942
   92.374558 27199.947285
   97.194799 27202.510718
   87.437768 27206.004863
   81.919538 27190.920848
   77.718098 27195.364869
   80.293674 27200.513190
  109.371859 27199.349704
   89.170812 27198.472987
   82.344336 27197.995063
   98.068254 27197.776648
   95.191670 27200.594836
   95.289243 27203.627987
   79.617341 27197.195578
   88.896964 27192.288924
   88.686131 27196.453075
   78.039126 27200.776454
   70.883303 27194.447260
   76.885193 27187.205118
   81.110329 27202.198921
   76.037056 27196.377945
   77.777406 27187.310966
   67.663952 27184.103215
   76.662129 27205.441776
   86.492769 27204.580397
   86.717979 27189.800942
   85.595846 27198.874094
   96.402518 27205.344154
   82.862527 27202.157785
   86.603651 27195.587830
   79.904149 27201.231279
   78.628113 27199.536722
   90.854104 27193.122158
   74.074351 27203.479889
   77.237564 27195.475332
   75.200716 27186.994695
   66.884777 27191.377625
   67.609438 27188.882780
   66.755431 27183.317891
   63.795526 27188.625183
   63.875978 27192.584994
   70.399742 27189.257560
   73.199388 27187.592044
   69.289333 27186.878061
   70.910650 27192.045001
   59.505318 27180.329328
   64.679459 27175.051602
   67.101463 27171.646247
   66.998736 27174.050630
   63.224438 27180.807217
   48.856596 27184.745209
   56.988277 27185.980916
   59.540032 27187.789430
   64.789217 27179.214856
   54.575901 27181.087169
   42.197225 27183.852909
   46.511608 27188.586342
   37.719599 27183.626706
   46.525440 27191.772858
   59.542086 27180.659555
   64.167647 27185.032077
   68.023974 27192.930082
   52.778607 27185.620337
   42.292223 27188.463710
   61.374375 27188.719233
   52.948118 27190.432199
   57.748113 27177.426503
   58.189566 27187.673071
   51.404662 27182.917069
   59.775423 27192.449439
   56.737840 27189.172898
   61.996036 27193.226487
   65.956681 27207.350857
   67.965422 27209.122645
   73.290817 27203.559130
   75.038343 27198.495692
   67.555551 27203.243443
   74.230086 27204.499176
   78.491025 27208.979107
   78.159327 27207.928888
   87.810105 27212.286080
   85.815624 27210.833356
   99.625809 27202.627388
   85.991214 27209.623846
   69.307422 27207.339542
   75.213248 27203.597451
   75.626158 27195.970441
   70.320556 27200.447725
   79.402385 27199.346020
   53.566956 27203.522702
   54.974170 27195.486279
   56.077370 27199.445790
   58.614635 27201.880878
   61.869211 27201.010468
   53.840033 27198.872660
   56.207631 27201.391924
   57.525888 27202.737130
   59.882606 27203.606463
   72.638203 27210.384151
   65.896861 27202.743514
   55.612124 27210.947702
   58.451183 27205.091364
   67.339964 27211.509965
   65.807202 27209.563217
   66.064787 27196.419491
   68.696451 27197.439408
   70.899999 27184.097737
   78.802839 27191.892023
   84.534074 27203.725410
   71.156839 27198.155918
   67.300556 27194.448391
   71.022708 27192.486892
   69.744656 27192.104758
   42.446243 27199.089050
   41.071391 27182.397579
   47.771960 27194.935651
   39.652609 27188.991663
   55.749444 27192.129025
   51.152040 27188.645213
   44.441188 27190.251320
   45.633412 27192.812253
   44.866571 27189.881772
   53.842062 27193.035421
   51.344190 27190.533816
   50.503694 27190.356776
   50.050366 27194.204089
   57.897174 27192.646358
   58.765629 27200.609142
   51.213077 27198.776448
   58.555583 27193.416430
   53.239373 27188.717463
   57.990555 27194.424799
   51.233845 27194.504893
   52.294354 27194.199733
   33.119623 27190.704484
   40.069506 27192.200109
   41.355291 27196.120319
   43.600676 27195.633404
   45.994629 27200.231695
   49.959183 27189.708707
   63.547525 27194.361950
   58.858456 27201.145598
   62.182490 27199.058004
   56.411886 27207.168277
   54.257963 27196.817630
   51.967723 27199.062430
   50.982163 27199.738913
   41.712893 27194.721128
   37.795859 27194.165878
   47.586616 27192.748375
   44.073799 27191.113454
   43.392899 27201.019274
   33.863385 27196.572402
   49.348247 27195.350158
   36.236058 27183.980869
   49.833282 27190.649582
   46.406147 27194.632867
   51.338737 27192.964949
   47.542655 27202.123903
   53.861483 27195.942460
   52.754525 27201.452869
   44.869088 27206.146998
   44.314893 27189.527925
   56.241006 27196.608919
   60.738573 27192.901264
   47.360078 27189.546645
   56.087613 27185.576010
   53.050497 27191.817318
   45.228899 27183.368261
   46.177226 27191.127399
   48.019100 27200.430544
   34.606323 27202.521857
   38.173741 27202.407054
   46.509971 27204.772150
   65.247197 27193.618477
   60.709177 27197.523219
   51.440648 27197.777789
   61.108005 27206.939630
   57.631913 27203.682619
   58.675858 27201.054196
   54.498029 27204.218865
   59.272133 27205.655747
   48.175456 27192.657968
   60.878649 27197.439065
   63.545377 27197.219036
   51.410939 27209.788930
   69.775458 27206.518016
   66.827898 27198.479175
   68.357301 27183.973590
   75.162646 27200.433837
   70.042290 27204.680251
   68.026295 27206.265501
   63.255458 27206.399059
   66.383029 27197.445921
   57.200921 27200.115363
   65.462905 27200.855379
   61.253286 27205.013003
   57.576753 27199.309902
   64.752148 27201.234210
   74.937955 27197.771005
   66.609866 27198.843838
   64.589862 27201.070935
   65.337718 27195.913675
   58.895955 27200.988165
   49.075047 27198.455814
   57.844540 27205.038381
   46.138234 27201.744924
   53.300720 27201.376833
   52.957791 27198.352033
   54.969394 27202.919387
   58.049010 27205.792560
   66.659039 27199.909091
   49.606786 27199.897281
   62.444693 27196.097821
   64.680645 27208.345493
   57.255031 27197.864724
   69.683611 27195.810730
   82.772958 27203.065673
   66.511812 27200.290071
   72.416855 27202.043469
   70.679019 27199.234144
   70.413147 27202.391249
   75.466865 27207.628203
   71.985552 27203.045480
   72.245496 27208.360367
   61.703509 27207.471087
   62.932179 27202.064023
   65.717657 27195.575046
   70.100159 27203.813969
   82.545221 27205.048098
   74.046873 27199.465322
   86.469082 27193.473099
   82.757777 27199.400213
   82.123804 27205.925286
   88.958633 27211.574440
   83.641135 27205.389658
   75.266140 27209.883392
   87.273858 27196.594168
   80.746204 27200.873908
   84.305217 27199.067169
   80.162798 27193.755003
   76.350787 27202.123560
   77.502960 27193.938844
   75.992049 27199.714713
   71.230661 27191.699862
   66.026532 27197.931438
   70.743718 27200.973698
   70.483996 27198.345826
   62.481339 27201.839812
   59.802875 27197.276059
   43.483011 27188.516191
   39.710275 27193.186855
   65.317932 27185.084640
   59.272760 27188.610193
   52.963436 27193.531410
   57.836541 27201.173400
   62.935742 27199.018089
   60.911150 27192.038082
   80.656238 27195.850376
   85.258697 27192.398128
   77.158121 27188.911371
   85.048858 27186.487593
   95.108184 27194.566718
   86.110406 27192.196023
   76.835123 27196.506303
   83.134233 27207.001632
   97.957607 27206.930293
   84.749286 27193.059525
   84.276051 27194.945650
   84.286904 27201.929600
   69.204975 27189.716546
   79.271456 27190.598171
   85.541162 27197.038670
   79.326831 27196.915130
   77.912266 27185.005433
   71.051967 27194.271586
   53.994597 27198.617669
   57.452208 27202.909756
   72.114753 27200.400694
   62.039447 27196.930550
   57.336051 27191.227026
   58.581638 27188.289802
   68.265886 27196.332526
   61.542982 27205.588254
   57.069776 27206.125706
   64.407974 27196.477800
   66.873509 27192.530090
   65.389370 27200.011395
   52.089465 27201.935832
   61.485945 27198.597760
   55.106609 27204.622071
   43.902484 27202.618092
   57.706102 27195.435609
   63.143369 27205.997110
   74.653157 27205.897625
   69.739827 27209.686775
   66.236490 27201.774878
   73.631682 27197.896860
   75.368484 27199.893860
   71.858823 27202.543817
   65.866872 27198.401018
   62.447636 27212.188086
   87.839485 27211.297254
   79.823198 27209.424417
   71.451205 27202.358570
   76.762982 27194.844260
   85.103215 27198.070889
   87.891729 27194.515246
   74.191258 27198.453792
   73.458929 27201.260401
   64.911838 27192.956242
   77.529863 27196.889809
   75.597598 27184.464755
   72.937325 27192.648444
   70.006556 27201.595834
   73.967952 27191.049476
   62.361124 27193.176907
   54.590028 27196.857758
   54.167271 27208.939367
   62.625571 27200.793534
   52.906429 27204.007117
   56.686203 27201.854797
   61.431985 27197.734041
   72.516978 27195.865425
   61.041523 27198.219081
   66.204224 27202.620388
   70.185692 27202.020951
   76.263777 27200.090981
   77.630727 27200.410740
   76.828025 27196.879563
   61.388076 27203.606124
   70.943198 27204.634977
   48.564014 27201.454291
   65.378745 27206.386143
   69.573871 27205.377297
   69.908063 27205.165237
   77.338510 27200.003799
   81.630372 27205.016458
   74.984402 27200.766345
   69.968804 27194.154652
   74.758195 27199.015161
   62.199863 27196.085456
   77.754010 27200.607848
   71.011334 27196.804047
   65.949471 27193.379409
   69.033662 27192.940760
   80.964835 27190.854321
   69.483105 27193.437372
   76.348234 27189.794029
   59.290264 27191.720589
   72.244273 27197.491176
   67.331247 27193.905205
   60.960944 27188.942228
   55.549851 27197.320942
   63.127314 27190.580202
   53.452744 27195.768209
   61.259814 27200.699238
   58.699338 27195.906109
   47.832131 27202.025792
   62.059219 27196.862078
   63.600069 27193.411324
   62.770278 27192.542615
   79.019067 27185.990735
   72.179144 27201.061337
   78.285988 27200.993361
   62.756935 27186.976963
   75.665548 27181.807666
   66.792995 27190.712883
   78.736006 27189.008932
   76.751283 27182.056088
   59.277196 27186.753909
   52.221879 27183.558711
   60.354403 27184.003443
   66.473618 27188.077384
   52.381501 27180.685961
   59.350190 27181.093717
   52.888700 27187.726878
   67.764408 27180.413595
   67.212627 27190.070026
   77.132311 27196.298968
   72.295527 27199.352608
   78.758436 27187.295794
   81.899574 27187.050264
   70.511693 27178.796667
   75.257531 27193.998074
   77.706864 27189.542865
   81.507875 27195.743110
   83.098868 27192.140593
   91.543612 27186.622918
  100.970000 27180.258587
   88.748906 27183.435126
   97.681574 27188.768993
   93.606135 27178.010459
   82.017007 27181.369889
   94.056361 27196.495891
  112.159151 27194.367702
   92.608489 27200.092688
  109.490173 27189.421132
   96.688376 27189.688684
   96.014667 27191.458461
   97.387795 27189.550744
   83.114661 27188.990459
   89.648790 27184.428944
   68.463837 27174.905792
   86.660247 27178.648073
   66.791728 27180.415582
   59.961186 27189.938217
   73.315356 27184.191613
   73.075180 27175.626423
   82.816309 27183.636419
   82.926431 27177.265993
  100.969506 27187.017276
   74.869848 27191.821057
   75.950375 27189.652721
   85.783845 27188.486252
   88.156529 27191.636928
   89.895559 27193.037435
   81.888558 27191.819499
   95.337013 27192.986219
   92.185615 27201.493383
   83.075639 27200.003097
   85.460829 27202.275585
   92.709318 27194.389310
   94.566881 27196.614776
   90.440889 27192.171952
   92.928612 27193.101339
  102.734932 27200.681544
   99.369107 27204.121340
   94.267100 27195.044028
  104.448623 27194.760663
  113.133689 27193.953079
  113.791507 27208.916061
  109.557242 27204.183338
  100.004328 27202.664955
   89.546477 27194.190015
   84.341226 27199.238913
   69.488148 27205.906168
   54.239575 27199.493562
   60.435851 27192.608252
   59.933323 27188.215300
   60.718951 27201.324297
   65.387836 27202.078599
   79.193800 27199.903496
   66.805596 27195.066223
   61.232541 27189.024063
   75.995479 27208.220436
   72.965372 27200.254494
   69.378768 27212.397038
   64.633616 27206.451984
   74.713169 27201.076356
   70.861148 27202.749440
   54.309992 27205.473332
   64.244277 27198.446210
   67.349282 27198.754990
   76.098053 27197.255766
   87.979843 27198.562682
   68.428295 27202.906470
   71.249293 27212.732266
   72.825255 27196.962130
   75.165365 27199.431015
   73.823651 27210.143570
   89.077585 27208.946270
   93.804677 27207.019615
   95.819750 27208.930452
   95.390591 27204.880243
   96.316514 27206.420633
   80.758959 27199.330119
   69.095484 27200.719899
   67.672154 27200.582663
   76.407963 27197.212578
   74.552349 27204.160359
   78.537939 27198.177470
   74.373909 27196.372279
   76.267692 27198.932861
   73.358095 27198.930780
   76.652579 27200.075441
   68.361069 27199.054465
   64.893933 27194.758350
   77.128944 27197.737801
   72.771993 27198.577602
   76.114806 27204.327734
   93.518919 27201.000197
   93.814184 27203.568103
   84.094938 27208.262407
   98.272922 27209.735081
  103.883301 27210.403434
   91.075526 27203.027839
   98.763133 27204.552251
   94.207760 27199.699427
  104.828245 27197.686776
   98.862153 27200.705817
   94.443663 27201.175137
   95.393049 27200.272898
   98.788274 27191.039243
  104.643519 27201.451450
  105.669389 27199.987760
   94.794669 27194.779727
   91.908034 27188.385557
   99.558097 27183.630311
   92.357577 27206.091651
   89.603608 27200.702940
   87.091056 27196.004547
   83.719450 27198.815933
   84.702827 27195.064331
   74.008604 27196.539930
   64.502265 27197.337972
   78.062810 27187.191240
   72.958534 27193.772167
   78.825765 27193.555251
   81.017921 27180.521066
   92.673102 27188.663586
   69.832706 27189.776066
   63.866603 27188.642619
   67.428571 27193.039766
   61.424982 27187.933565
   67.667248 27190.872328
   72.192461 27198.722194
   66.678207 27191.301415
   68.201126 27200.575242
   76.450047 27195.056310
   66.511186 27198.128643
   59.736616 27194.776963
   64.372582 27190.475267
   48.873021 27198.334892
   62.045583 27189.280322
   53.867331 27194.001950
   54.273547 27194.318937
   60.867889 27192.360551
   66.666696 27190.579453
   72.796572 27187.565587
   63.544552 27186.306721
   73.728812 27187.391494
   80.762354 27177.796108
   84.823489 27183.814199
   78.277757 27197.240161
   81.477795 27183.856353
   85.255828 27188.976686
   95.431131 27196.878549
   94.001052 27196.746441
   89.773780 27196.283641
   92.905747 27194.628188
   92.865684 27180.851912
   75.157992 27194.861498
   81.732230 27186.917327
   68.378017 27196.027987
   80.101589 27191.066280
   90.524159 27185.075728
  105.866960 27196.573046
   96.154249 27189.077978
   86.844249 27191.270808
   84.482520 27198.717882
   88.101909 27198.926748
   84.378312 27200.274800
   86.258271 27201.191065
   96.863845 27208.344505
  104.396812 27206.918677
  116.181899 27203.117365
  112.844625 27207.789966
  120.119165 27202.504556
  116.337482 27197.454672
   97.233864 27196.363602
   91.649408 27192.162631
   92.050551 27191.308198
   96.565922 27196.631365
   76.760869 27188.786215
  101.330597 27187.119785
   81.326732 27191.562310
   89.372356 27194.436881
  103.455198 27187.612058
  106.886922 27199.094013
   98.165001 27196.610476
  109.287925 27193.339283
  103.209421 27193.780806
  115.644821 27205.933998
  101.943117 27190.320161
  109.232638 27203.016352
  137.564026 27198.227546
  126.936222 27191.101433
  107.859633 27188.517862
  116.638010 27190.538404
  104.162740 27183.763013
  117.977609 27197.032664
  107.338334 27195.618470
  110.316488 27190.977374
  109.714551 27198.190066
  113.688535 27200.872112
  128.166135 27179.155637
  109.003273 27178.500478
  106.511528 27185.008587
  112.756660 27184.897203
  108.657595 27176.227412
  110.015588 27185.406472
   99.663165 27182.637735
   87.903063 27187.335008
   84.991311 27191.200642
   75.022494 27200.991217
   84.111151 27198.162986
   76.091763 27194.217664
   87.971690 27195.672947
   95.228338 27197.325308
  102.812578 27200.773939
   85.713828 27206.400937
   88.416759 27197.864178
   77.593788 27201.410121
   68.669163 27209.099434
   74.467534 27195.979948
   62.852722 27204.049182
   60.333103 27200.626293
   59.485776 27205.405222
   61.048136 27202.662650
   68.458000 27197.567655
   70.988128 27199.422924
   71.069493 27204.926721
   67.245215 27206.737899
   78.769190 27201.609001
   65.400338 27206.368877
   53.875233 27202.698728
   61.915025 27197.002998
   65.343649 27195.081353
   79.393204 27200.747410
   98.931795 27205.221609
   99.318595 27202.274677
  118.219379 27211.640289
  108.296864 27208.485396
  105.444946 27218.821878
  107.653124 27211.302988
  112.835487 27203.081786
   98.841703 27209.188264
   98.645226 27207.206623
  112.890289 27207.569683
  116.715258 27204.346049
  108.652505 27204.721815
   70.311680 27205.362540
   66.117595 27201.768709
   67.866469 27203.356795
   55.918102 27198.916767
   76.687546 27201.008003
   76.300794 27201.870245
   66.101330 27190.476158
   70.482200 27195.904552
   67.027154 27203.173626
   74.423607 27210.515103
   83.882320 27204.685883
   89.404582 27199.231480
   93.082685 27212.177634
   81.799371 27208.719227
   70.054504 27206.050662
   81.781948 27210.373408
   95.105166 27199.314010
   87.233105 27199.133112
   77.021712 27202.469288
   85.717367 27208.428562
   89.098655 27205.618348
   90.753190 27206.545466
   98.752688 27215.562596
   90.744004 27208.208072
   90.986567 27208.774324
   79.391911 27213.360574
   91.665091 27210.331744
   93.440642 27203.753154
   87.903580 27203.441235
   96.416518 27205.111844
   78.453078 27205.986734
   80.058418 27196.488725
   76.402877 27201.170692
   88.836870 27207.272856
   93.349057 27206.709885
  101.383952 27194.715383
  100.917968 27194.650742
  104.322547 27190.581836
   90.541605 27199.174659
   81.632797 27188.687921
   81.734906 27201.747191
   76.005946 27201.733556
   81.710171 27193.466791
   76.789719 27195.162279
   83.531407 27193.304261
   89.142599 27207.150324
   82.580540 27196.166757
   77.200539 27196.445634
   83.203596 27196.476571
