  0.044040 844.616265
  0.043726 810.998948
  0.043908 853.858976
  0.043426 813.203797
  0.043504 817.499590
  0.043710 844.630077
  0.043149 825.546057
  0.043250 841.481817
  0.042949 825.013421
  0.042718 840.610131
  0.042393 824.626468
  0.042609 829.905311
  0.042898 844.770501
  0.042524 837.131064
  0.042311 835.202017
  0.042921 820.236722
  0.043424 835.149943
  0.043577 834.644587
  0.044162 802.592914
  0.043545 842.777529
  0.043574 851.140645
  0.043897 847.231427
  0.043811 820.703047
  0.044207 809.860805
  0.044140 812.525217
  0.043496 820.630485
  0.044394 844.658390
  0.043845 846.126859
  0.043865 846.007226
  0.043719 834.377886
  0.044022 847.520181
  0.043945 842.141685
  0.044214 823.724294
  0.044728 807.380547
  0.044910 831.797592
  0.044840 837.754080
  0.045434 824.319376
  0.045552 863.128013
  0.045347 862.281696
  0.045812 796.701936
  0.046008 846.899239
  0.045571 824.805819
  0.045628 850.564991
  0.046192 836.115611
  0.046205 834.842671
  0.046404 819.981338
  0.046932 829.164128
  0.046853 808.787968
  0.046785 842.095869
  0.046917 821.066512
  0.046956 816.364337
  0.046859 832.311753
  0.046418 851.260583
  0.046568 827.856566
  0.046255 848.948201
  0.046465 816.299703
  0.046976 836.309141
  0.047265 834.585546
  0.046891 808.020397
  0.047225 816.150069
  0.046954 837.014576
  0.047202 837.629739
  0.047462 826.340425
  0.047415 828.858088
  0.047315 827.754683
  0.047156 831.041342
  0.047301 830.606077
  0.047336 825.810627
  0.047238 821.436970
  0.047002 808.771590
  0.047008 814.985491
  0.047337 829.225725
  0.047412 827.668760
  0.047453 818.683646
  0.047516 813.787589
  0.047875 825.736715
  0.048330 850.143022
  0.048245 844.482174
  0.047977 829.465531
  0.048417 803.092951
  0.048055 848.720596
  0.047968 852.114137
  0.048528 831.517217
  0.047724 842.552044
  0.047515 831.497078
  0.047623 834.558150
  0.047559 837.047745
  0.047702 812.416455
  0.047609 818.835255
  0.047248 817.567742
  0.048178 803.221580
  0.047782 836.281276
  0.047733 841.688166
  0.047703 833.427059
  0.047403 846.562660
  0.047617 851.297714
  0.047440 831.381498
  0.047144 837.021130
  0.046907 823.291715
  0.047364 828.105527
  0.047004 838.701569
  0.046542 817.616621
  0.046811 834.405378
  0.046906 843.802031
  0.046206 852.389703
  0.046902 823.806981
  0.046288 824.934780
  0.047078 845.519312
  0.047142 809.111886
  0.047297 831.426195
  0.047243 830.564907
  0.047866 805.639193
  0.046867 821.817781
  0.047336 840.338016
  0.048097 839.884702
  0.047411 816.802167
  0.047402 814.811878
  0.047525 832.555300
  0.047682 833.114430
  0.048104 813.201111
  0.047588 839.356877
  0.047776 824.017064
  0.047687 843.982735
  0.047633 854.722317
  0.047416 803.478675
  0.047439 831.632278
  0.047855 838.865879
  0.048267 844.980519
  0.048085 851.545520
  0.048112 842.961310
  0.047606 833.327704
  0.048334 805.291311
  0.048418 861.654879
  0.048251 834.746602
  0.048399 835.933315
  0.048531 831.178262
  0.048855 858.220266
  0.048830 805.851726
  0.048496 837.034035
  0.047951 834.829853
  0.048605 834.671924
  0.049244 840.804205
  0.048776 831.700938
  0.049501 817.481137
  0.049691 829.107779
  0.049322 841.506941
  0.048809 860.481366
  0.049306 845.853759
  0.049143 843.937000
  0.049155 840.381691
  0.049742 819.387380
  0.048624 825.915550
  0.048888 838.148947
  0.048438 823.694891
  0.048793 822.352349
  0.048310 829.325891
  0.048817 846.750488
  0.048287 835.191965
  0.048511 841.710370
  0.047396 846.083885
  0.047337 809.320168
  0.046784 847.428428
  0.047087 839.435194
  0.047007 839.011110
  0.046987 831.742028
  0.047426 845.269447
  0.047552 828.219693
  0.047419 831.201851
  0.047830 846.280123
  0.047725 869.548011
  0.047374 834.133790
  0.047206 834.403665
  0.046488 824.348054
  0.047010 829.505592
  0.046842 848.759359
  0.046302 860.092104
  0.046817 838.671459
  0.046382 840.991885
  0.046437 845.547740
  0.046627 846.295653
  0.046830 831.284158
  0.047111 834.365922
  0.046560 819.260795
  0.047021 816.376429
  0.047506 835.768863
  0.047591 823.927552
  0.047272 827.822350
  0.047276 850.460566
  0.047505 850.998216
  0.047190 817.083565
  0.047835 833.270748
  0.047865 824.933126
  0.047657 829.585065
  0.047787 846.929232
  0.047996 840.939114
  0.047237 814.947265
  0.047587 816.340354
  0.047270 822.461042
  0.047194 827.680197
  0.047601 811.755887
  0.047718 828.194454
  0.047751 820.438626
  0.047624 828.595907
  0.047834 816.752526
  0.046908 823.565274
  0.047162 830.951477
  0.047354 843.982465
  0.047167 830.890240
  0.047223 836.384804
  0.047297 842.949571
  0.047478 838.257959
  0.048018 837.232217
  0.047867 824.071801
  0.047896 841.889760
  0.047878 859.081575
  0.047597 806.607648
  0.047890 835.066144
  0.047290 827.427377
  0.047070 826.890250
  0.046634 841.074947
  0.046482 816.740577
  0.046243 852.024324
  0.047203 845.207275
  0.046768 830.751326
  0.047013 828.642331
  0.046960 832.125496
  0.046875 825.142585
  0.048160 844.104783
  0.048424 841.430251
  0.047498 829.395215
  0.047404 861.896926
  0.047337 824.834815
  0.047662 816.837828
  0.047911 824.506825
  0.048481 831.098952
  0.048193 829.958136
  0.047669 843.559708
  0.047694 837.876737
  0.047328 832.039794
  0.048300 841.984605
  0.047687 826.139247
  0.047430 807.841552
  0.048008 832.379637
  0.047782 822.048009
  0.048058 822.136760
  0.048035 850.279403
  0.047859 828.778218
  0.047477 831.134910
  0.047773 843.528400
  0.047601 850.133952
  0.047990 843.288360
  0.047726 813.732969
  0.047676 843.691414
  0.047447 824.810947
  0.046950 831.075159
  0.046810 829.309358
  0.047246 839.941903
  0.046315 829.228539
  0.046733 832.529912
  0.045865 827.024520
  0.045337 838.658411
  0.045387 840.594450
  0.045327 816.102697
  0.045670 829.802793
  0.044792 809.437652
  0.045769 814.517887
  0.045819 842.453812
  0.046743 832.632544
  0.046683 819.772983
  0.046044 824.291852
  0.046244 832.152722
  0.046711 840.826205
  0.046756 803.420171
  0.047071 836.734827
  0.046971 800.338106
  0.046767 860.620568
  0.047187 816.081107
  0.046568 826.261787
  0.047028 849.461495
  0.046558 818.474064
  0.046878 821.571376
  0.046586 851.025866
  0.045991 822.539314
  0.046149 818.472095
  0.045860 824.376915
  0.046038 836.934200
  0.046165 800.572156
  0.045865 827.713326
  0.046134 824.100497
  0.046787 844.068194
  0.047764 833.587309
  0.047369 830.214780
  0.047044 836.433796
  0.047155 796.649949
  0.047276 824.285190
  0.047508 838.979481
  0.047030 830.696560
  0.047448 841.240733
  0.047986 830.430491
  0.047595 833.177461
  0.047195 848.335162
  0.047232 851.924529
  0.046750 831.103097
  0.047027 830.325811
  0.047103 819.529822
  0.046564 828.573908
  0.046312 823.600103
  0.046281 845.443933
  0.046513 821.255068
  0.047056 845.219161
  0.046609 817.367275
  0.047252 827.517577
  0.046683 836.517493
  0.047327 857.910423
  0.047437 840.259341
  0.047966 803.916098
  0.048325 813.795599
  0.047817 824.869935
  0.048019 842.822014
  0.047466 852.274310
  0.047972 826.294827
  0.048242 800.896322
  0.047967 839.095367
  0.047661 815.710425
  0.047884 822.907206
  0.048850 848.877576
  0.048424 843.758966
  0.048972 820.578119
  0.048787 835.204234
  0.049527 822.882830
  0.049770 839.436299
  0.049128 819.635117
  0.049622 827.991591
  0.049141 797.245713
  0.049445 842.236084
  0.049127 828.501006
  0.048513 824.146189
  0.048238 806.075166
  0.047994 836.018456
  0.048095 814.215696
  0.047558 823.517900
  0.048733 826.478541
  0.048394 826.899409
  0.048770 824.586737
  0.048564 815.552829
  0.048786 819.814595
  0.048127 849.118178
  0.049059 835.275156
  0.049187 811.825489
  0.048687 820.384482
  0.049360 815.816925
  0.048848 843.702866
  0.049153 824.514803
  0.049219 832.653492
  0.049953 839.127659
  0.050060 841.498244
  0.050064 844.794611
  0.050691 849.566493
  0.049894 811.920782
  0.050051 828.158424
  0.050040 812.595261
  0.049596 810.219451
  0.049499 821.379943
  0.049656 829.289819
  0.049862 823.113415
  0.049051 859.656464
  0.049165 813.813956
  0.048993 827.066729
  0.050452 823.744583
  0.049184 846.907840
  0.050516 816.922996
  0.051236 824.832394
  0.051400 814.301808
  0.051439 817.688982
  0.051286 844.098554
  0.051099 833.393708
  0.051157 836.439397
  0.051343 835.050245
  0.051405 839.365295
  0.051672 820.126609
  0.051546 836.246681
  0.051606 863.972509
  0.051525 822.699496
  0.051368 825.632605
  0.050776 828.803462
  0.050178 843.631795
  0.051041 844.248079
  0.050865 838.188495
  0.051156 842.374229
  0.051557 821.122037
  0.051808 813.228688
  0.051596 805.172957
  0.051436 809.418884
  0.051360 824.752979
  0.050593 840.811511
  0.049809 826.136080
  0.050186 845.129317
  0.049399 828.868076
  0.049350 829.605083
  0.049696 854.523934
  0.049709 842.032963
  0.049583 845.834617
  0.049729 827.212198
  0.050304 860.417062
  0.049870 815.379241
  0.049649 816.988820
  0.049590 832.233361
  0.049453 794.416013
  0.049624 852.127684
  0.050163 827.173725
  0.049896 833.552655
  0.049448 796.354359
  0.049589 836.742700
  0.049350 805.801744
  0.049097 800.207209
  0.048678 837.543278
  0.048814 838.116724
  0.048849 816.803032
  0.048768 841.146701
  0.048721 838.590832
  0.048650 826.651701
  0.048783 842.174769
  0.049518 825.573090
  0.049561 809.617425
  0.049670 828.458557
  0.048662 844.581552
  0.048162 835.044359
  0.047129 804.277832
  0.047174 851.720318
  0.047823 847.703331
  0.046792 825.634256
  0.046099 843.374958
  0.046668 819.769546
  0.046151 846.500168
  0.046559 822.472181
  0.046474 809.771472
  0.046363 810.077808
  0.046275 837.922030
  0.045882 847.746530
  0.046160 833.339605
  0.045914 827.337109
  0.045613 819.685946
  0.045384 838.451584
  0.045775 842.340378
  0.045515 831.512715
  0.046064 825.765269
  0.046429 838.297174
  0.045358 850.982019
  0.045420 844.079007
  0.045995 837.781637
  0.045064 832.579694
  0.045477 832.272580
  0.044934 843.824614
  0.045067 804.207164
  0.045590 813.878026
  0.045059 837.987741
  0.045064 833.263475
  0.045647 810.936853
  0.044945 834.605978
  0.046037 824.651901
  0.044869 828.750575
  0.045104 809.927071
  0.045179 821.057740
  0.044880 821.058743
  0.044947 839.126721
  0.044854 835.448865
  0.044716 825.797843
  0.044473 818.166388
  0.044502 838.825548
  0.044579 823.906291
  0.044834 835.692089
  0.044537 820.053174
  0.044137 842.416918
  0.044160 819.552113
  0.045020 829.140246
  0.044578 812.373916
  0.045774 807.193259
  0.045501 831.034831
  0.045286 834.409028
  0.044979 847.767552
  0.045956 845.769759
  0.046131 847.866470
  0.045512 849.509603
  0.045682 848.664314
  0.045884 864.671397
  0.045943 837.233230
  0.045331 826.544371
  0.045336 814.440013
  0.045570 851.665685
  0.045515 831.600955
  0.045512 815.520954
  0.045677 824.443982
  0.045740 838.999364
  0.045644 871.425657
  0.045803 833.416773
  0.044814 810.980651
  0.045352 807.625490
  0.045521 817.972828
  0.045954 845.557461
  0.045227 827.924253
  0.045475 824.985230
  0.044397 825.801656
  0.044363 832.772985
  0.044407 836.669138
  0.044692 813.522648
  0.044808 825.402200
  0.043873 824.143849
  0.044182 831.492707
  0.044376 814.582821
  0.044434 818.211333
  0.044630 839.554025
  0.044945 829.286064
  0.044806 823.986744
  0.044952 831.223476
  0.044992 838.840339
  0.044519 856.406448
  0.044113 831.360948
  0.043673 840.239562
  0.043756 821.200723
  0.044631 820.256765
  0.044564 821.016410
  0.044459 853.506525
  0.044700 841.788200
  0.044463 842.864474
  0.043866 843.933129
  0.044644 850.662701
  0.044073 844.291228
  0.044407 824.859337
  0.044623 824.912557
  0.044926 865.516874
  0.044636 826.985031
  0.044104 865.769289
  0.044874 839.075062
  0.043683 833.198197
  0.043908 831.159916
  0.043887 830.865542
  0.044249 843.190119
  0.044775 830.008816
  0.043903 863.459560
  0.043920 858.741309
  0.043019 829.884354
  0.043642 854.903045
  0.044028 793.228457
  0.043957 830.327434
  0.044431 844.401781
  0.044529 834.681304
  0.044439 841.945512
  0.044698 834.833794
  0.044638 862.509925
  0.045274 830.077321
  0.044637 858.837123
  0.045499 810.437824
  0.045316 819.319311
  0.045978 846.384489
  0.046639 803.804555
  0.046747 833.007235
  0.046568 817.008229
  0.046102 812.521830
  0.046091 857.228279
  0.046254 807.201392
  0.046157 821.773808
  0.046052 798.185271
  0.046199 856.165773
  0.045318 836.658446
  0.044611 829.805423
  0.045078 825.677461
  0.044992 823.783602
  0.044808 796.967735
  0.044599 826.338834
  0.044204 828.106160
  0.044592 821.931147
  0.044481 805.777800
  0.044612 861.976505
  0.045081 843.953402
  0.045026 834.988673
  0.045370 820.057920
  0.044925 859.045545
  0.046055 827.015303
  0.045288 832.153568
  0.045685 839.186391
  0.046010 802.590150
  0.046287 811.811996
  0.046028 821.863378
  0.045801 810.592161
  0.045899 849.020735
  0.045481 807.137994
  0.045126 833.350554
  0.045741 840.957857
  0.045779 807.566445
  0.045716 848.656274
  0.045626 837.891182
  0.045180 827.404029
  0.045062 816.372506
  0.045029 812.165343
  0.046283 844.022373
  0.045919 826.955297
  0.045821 830.602735
  0.045858 832.923779
  0.045022 833.713411
  0.045465 842.616839
  0.045905 817.101628
  0.045243 842.334527
  0.045546 841.673293
  0.045420 809.992504
  0.045891 819.430012
  0.045962 830.453395
  0.045581 811.931286
  0.045033 848.767319
  0.045388 818.184206
  0.044876 820.208122
  0.044953 810.932921
  0.044984 847.103635
  0.044850 813.926769
  0.045371 823.488975
  0.045705 824.885611
  0.045544 813.947819
  0.045665 822.544241
  0.046108 832.948861
  0.046263 831.974027
  0.045626 818.650163
  0.045777 813.879968
  0.045858 838.882607
  0.046299 823.789380
  0.045824 838.188370
  0.045534 811.236341
  0.045600 831.928721
  0.045680 831.546201
  0.046053 838.973092
  0.045973 826.324899
  0.046178 846.841297
  0.046445 808.086522
  0.046464 838.752616
  0.046492 801.583680
  0.045674 817.261333
  0.046407 817.794675
  0.046245 839.791223
  0.046035 856.448099
  0.046601 837.919587
  0.046839 839.133288
  0.046873 829.655463
  0.046652 829.572547
  0.046592 793.887319
  0.046593 823.012244
  0.047004 829.559574
  0.046221 849.521357
  0.046287 842.611126
  0.046379 813.879485
  0.046159 817.379202
  0.046729 828.753287
  0.046089 820.449571
  0.045971 837.934842
  0.045809 814.307125
  0.046049 847.469613
  0.046395 834.026399
  0.046221 821.623608
  0.046640 832.923929
  0.046286 827.706805
  0.046040 809.845217
  0.045753 806.150012
  0.046705 819.132658
  0.046914 823.268579
  0.046725 835.086494
  0.046789 814.168437
  0.047359 872.203773
  0.047053 813.824013
  0.046456 835.382428
  0.047009 845.763635
  0.046364 853.860841
  0.046365 827.289230
  0.046553 837.275447
  0.046749 822.327664
  0.046478 871.425329
  0.047313 828.133002
  0.047399 828.020724
  0.047462 833.402993
  0.047846 809.694175
  0.048341 855.852399
  0.048588 831.955922
  0.048218 829.139990
  0.047466 824.148700
  0.048036 837.968356
  0.048018 841.985851
  0.048101 819.698215
  0.047573 813.051259
  0.047599 836.946245
  0.047847 839.162336
  0.048444 827.779292
  0.048424 825.158721
  0.047774 838.078064
  0.047838 834.908838
  0.047420 801.688638
  0.047917 844.281687
  0.047234 827.744407
  0.047769 811.639116
  0.048374 823.032374
  0.047801 833.847947
  0.048004 823.756168
  0.047635 809.684814
  0.048491 821.539125
  0.049278 821.934148
  0.049141 837.950289
  0.049075 819.026316
  0.049857 819.026529
  0.049410 809.205619
  0.049238 820.998000
  0.049137 815.705961
  0.049801 824.706959
  0.049741 829.767953
  0.049651 844.123722
  0.049257 833.300129
  0.049138 808.062359
  0.049334 831.228057
  0.049512 833.667692
  0.048872 814.825209
  0.049193 817.983247
  0.048687 834.371554
  0.049166 835.968586
  0.048824 842.217391
  0.048827 820.076941
  0.048765 849.340578
  0.048911 805.631457
  0.048670 839.478927
  0.048372 820.721986
  0.048227 820.656291
  0.048903 807.302150
  0.049212 839.101069
  0.048442 834.013885
  0.048864 848.703976
  0.048595 832.682513
  0.048835 828.712512
  0.048350 831.517566
  0.049012 853.264574
  0.048839 843.446575
  0.049138 810.173848
  0.049000 825.186279
  0.048996 821.632776
  0.048198 822.446322
  0.048999 804.766997
  0.048741 836.490045
  0.049241 825.304445
  0.048437 840.211861
  0.048981 811.187085
  0.048898 828.767905
  0.049236 807.827277
  0.049078 815.076940
  0.049144 796.963054
  0.049513 807.353439
  0.049606 843.828570
  0.049910 816.215192
  0.050330 853.456196
  0.049946 850.347778
  0.049646 824.467658
  0.049330 822.419070
  0.049069 829.377328
  0.048683 811.077560
  0.048213 801.680889
  0.048374 854.055933
  0.048293 847.077138
  0.048204 829.934250
  0.048112 830.765776
  0.048156 848.675352
  0.048250 841.817715
  0.047963 817.170519
  0.047952 818.606699
  0.047995 841.439995
  0.047073 820.039477
  0.047624 828.785936
  0.046898 819.340416
  0.047004 820.967274
  0.047801 822.275645
  0.047434 843.129551
  0.047350 840.494409
  0.047526 837.784528
  0.047635 845.317208
  0.047335 846.342190
  0.047806 832.408656
  0.047334 822.091951
  0.047614 828.704727
  0.047875 825.098131
  0.047772 818.759013
  0.046858 819.703127
  0.047145 830.014228
  0.047331 833.699939
  0.047392 842.723965
  0.047375 804.714109
  0.047477 815.239588
  0.047459 839.320573
  0.047347 831.869685
  0.046820 820.665036
  0.046544 838.955088
  0.046556 814.790953
  0.046975 841.830888
  0.046506 828.770135
  0.045939 837.045178
  0.047009 836.794982
  0.046867 836.141758
  0.046299 827.681609
  0.046009 833.065142
  0.045913 830.005681
  0.045347 823.756128
  0.045944 833.788392
  0.045289 839.020651
  0.045028 825.564206
  0.045187 831.155865
  0.044889 830.074395
  0.045473 822.198974
  0.045699 833.690123
  0.045413 833.362691
  0.045556 847.588781
  0.045149 811.479658
  0.045243 803.304727
  0.044324 832.418335
  0.045030 828.403571
  0.044647 817.246195
  0.045007 829.391274
  0.044657 827.681544
  0.044673 835.916738
  0.044417 849.387628
  0.045274 826.405831
  0.044787 840.028457
  0.044800 830.396200
  0.044626 838.303772
  0.045041 825.056248
  0.044995 840.674416
  0.045084 846.738628
  0.044956 826.632848
  0.045081 830.839364
  0.044756 828.050284
  0.044765 827.554450
  0.044417 828.791343
  0.044799 833.158780
  0.045200 843.289313
  0.045621 831.756052
  0.045479 844.534917
  0.045610 848.357596
  0.045298 816.543636
  0.044497 843.132673
  0.045691 841.292621
  0.045322 798.117697
  0.045311 830.011101
  0.045984 840.525893
  0.045884 838.251550
  0.046070 812.332746
  0.045412 821.799635
  0.044971 846.812038
  0.044511 791.383416
  0.044744 834.206008
  0.045111 828.531428
  0.045634 843.512250
  0.045497 814.713330
  0.046029 824.113294
  0.045529 842.141787
  0.045374 832.673238
  0.045023 818.474266
  0.045440 829.138588
  0.045744 858.915291
  0.046414 846.073766
  0.046827 811.526660
  0.046572 797.550773
  0.046284 842.170422
  0.046533 831.432850
  0.046356 831.307534
  0.045583 830.057914
  0.046216 825.713783
  0.045782 831.432125
  0.046042 802.906599
  0.045846 846.988188
  0.046234 839.443222
  0.046022 837.453874
  0.046569 827.070287
  0.045935 836.581085
  0.046069 848.987653
  0.046217 816.843885
  0.045533 825.354241
  0.046006 820.085963
  0.045887 841.873994
  0.045643 833.613732
  0.045337 832.282551
  0.045771 838.926257
  0.045724 831.695285
  0.045632 819.973379
  0.045756 835.101526
  0.045203 837.749008
  0.045045 830.196613
  0.045562 844.186061
  0.045461 811.243384
  0.045255 833.162343
  0.045286 815.441249
  0.045623 820.185343
  0.045805 809.916809
  0.045470 826.600691
  0.045596 816.603154
  0.045319 837.584986
  0.045623 811.587969
  0.045203 856.530147
  0.045998 818.211950
  0.045837 828.028540
  0.045736 816.505414
  0.046232 826.085032
  0.046104 815.790695
