0.094191 0.095169 0.090667 0.092519 0.093537 0.092711 0.093718 0.108747 0.101407 0.105223 0.114778 0.109182 0.100314 0.107295 0.106843 0.094115 0.098877 0.109574 0.101604 0.105863 0.104319 0.097113 0.100405 0.088797 0.092842 0.100392 0.118037 0.100959 0.102907 0.106905 0.110453 0.105838 0.103260 0.105553 0.104545 0.104727 0.110682 0.104977 0.101212 0.117013 0.103740 0.097967 0.102592
0.095169 0.098920 0.090970 0.096540 0.095767 0.093363 0.096895 0.105434 0.102425 0.106776 0.114450 0.109040 0.100493 0.106983 0.105365 0.095383 0.095085 0.108855 0.102475 0.105243 0.103161 0.095463 0.101530 0.096205 0.094870 0.103335 0.115305 0.102378 0.101845 0.107565 0.109045 0.105727 0.103934 0.103140 0.102380 0.100660 0.111800 0.105700 0.102670 0.116190 0.103310 0.092075 0.102490
0.090667 0.090970     -nan 0.088725 0.089893 0.087605 0.090860 0.099670 0.099970 0.100068 0.102220 0.102530 0.091917 0.099352 0.099381 0.089535 0.094250 0.104030 0.096652 0.100388 0.098684 0.092270 0.093980 0.085520 0.089300 0.093360 0.106370 0.091703 0.095860 0.102250 0.102170 0.099486 0.098315 0.099280 0.101120 0.098395 0.105070 0.097930 0.096923 0.109140 0.098570 0.093260 0.096573
0.092519 0.096540 0.088725 0.092200 0.091420 0.090368 0.088290 0.108673 0.099420 0.104670 0.111470 0.108135 0.098648 0.108586 0.106094 0.091925 0.100530 0.108120 0.101787 0.105898 0.102474 0.094603 0.096505 0.088380 0.089380 0.100625 0.121680 0.099197 0.103530 0.104025 0.105045 0.105724 0.102861 0.102265 0.106460 0.099025 0.109325 0.107035 0.099242 0.113700 0.107585 0.090830 0.102032
0.093537 0.095767 0.089893 0.091420 0.086937 0.091062 0.094017 0.104843 0.099393 0.101743 0.109127 0.104202 0.096154 0.103739 0.101902 0.089087 0.094457 0.105523 0.099225 0.102869 0.100723 0.093760 0.098223 0.089023 0.090920 0.097980 0.113437 0.098600 0.101377 0.105347 0.106700 0.101359 0.100474 0.103497 0.103843 0.100820 0.109533 0.099253 0.097100 0.111253 0.103600 0.089050 0.098767
0.092711 0.093363 0.087605 0.090368 0.091062 0.088413 0.089830 0.104910 0.099230 0.101741 0.110307 0.104791 0.098529 0.104117 0.103178 0.091006 0.095603 0.106765 0.099102 0.102867 0.100448 0.095976 0.098885 0.089630 0.092362 0.098330 0.115098 0.097761 0.099807 0.105385 0.107497 0.103553 0.100961 0.101190 0.103807 0.099633 0.109015 0.102793 0.099320 0.110697 0.101032 0.093297 0.099277
0.093718 0.096895 0.090860 0.088290 0.094017 0.089830     -nan 0.107853 0.096100 0.105522 0.113600 0.105665 0.101200 0.108240 0.104904 0.093800 0.103660 0.109755 0.102828 0.105633 0.103280 0.099855 0.102850 0.090270 0.092840 0.097870 0.117610 0.099057 0.105960 0.105950 0.108160 0.106348 0.103355 0.104820 0.103990 0.101115 0.106600 0.106420 0.099650 0.112330 0.096320 0.093250 0.101340
0.108748 0.105434 0.099670 0.108673 0.104843 0.104910 0.107853 0.089373 0.099440 0.106423 0.111245 0.101608 0.103777 0.092638 0.104025 0.097379 0.102172 0.111031 0.103296 0.108664 0.106489 0.098925 0.107872 0.096543 0.097745 0.104325 0.099207 0.108044 0.111455 0.113522 0.112597 0.097853 0.102984 0.107425 0.110103 0.104976 0.118310 0.110400 0.098895 0.097752 0.095205 0.097495 0.107402
0.101407 0.102425 0.099970 0.099420 0.099393 0.099230 0.096100 0.099440     -nan 0.097353 0.101830 0.101285 0.098637 0.100500 0.101596 0.092085 0.095950 0.107595 0.097760 0.105098 0.100876 0.095420 0.100570 0.095860 0.094320 0.094520 0.108120 0.100303 0.103410 0.108340 0.106580 0.098924 0.098053 0.101370 0.102710 0.100715 0.108320 0.107980 0.101187 0.108660 0.098880 0.091300 0.100353
0.105223 0.106776 0.100068 0.104670 0.101743 0.101741 0.105522 0.106423 0.097353 0.101822 0.114632 0.107201 0.103196 0.107080 0.109272 0.097562 0.104642 0.116095 0.107305 0.112061 0.108620 0.100653 0.107595 0.096232 0.098400 0.101985 0.116093 0.108073 0.108900 0.115598 0.113058 0.106690 0.106129 0.113888 0.114190 0.105637 0.116315 0.112795 0.105149 0.113133 0.104970 0.100492 0.106000
0.114778 0.114450 0.102220 0.111470 0.109127 0.110307 0.113600 0.111245 0.101830 0.114632     -nan 0.113010 0.113203 0.114060 0.117123 0.106010 0.116440 0.124115 0.117972 0.119799 0.116301 0.112595 0.116230 0.103840 0.104200 0.109170 0.121410 0.116097 0.125330 0.126440 0.124870 0.113872 0.109988 0.120490 0.124650 0.114475 0.132210 0.118740 0.111930 0.122110 0.117080 0.110490 0.117187
0.109182 0.109040 0.102530 0.108135 0.104202 0.104791 0.105665 0.101607 0.101285 0.107201 0.113010 0.108960 0.104657 0.103389 0.106999 0.096878 0.105490 0.116025 0.108420 0.110206 0.107862 0.102238 0.109455 0.093245 0.100720 0.103710 0.110705 0.110867 0.114690 0.114890 0.114035 0.103855 0.104930 0.110445 0.111600 0.105385 0.122535 0.111830 0.104400 0.109370 0.100255 0.096885 0.109040
0.100314 0.100493 0.091917 0.098648 0.096154 0.098529 0.101200 0.103777 0.098637 0.103196 0.113203 0.104657 0.097940 0.102529 0.104811 0.093137 0.102670 0.110222 0.102086 0.106084 0.102385 0.097987 0.100110 0.088580 0.091347 0.099177 0.111960 0.100998 0.103417 0.109627 0.110380 0.101729 0.102269 0.107200 0.106240 0.101233 0.113207 0.105540 0.098388 0.110447 0.101257 0.099580 0.103501
0.107295 0.106983 0.099352 0.108586 0.103739 0.104117 0.108240 0.092638 0.100500 0.107080 0.114060 0.103389 0.102529 0.091955 0.103678 0.096546 0.102722 0.111176 0.103842 0.108445 0.106649 0.101123 0.104854 0.097414 0.098442 0.102830 0.099732 0.109181 0.112276 0.113528 0.112800 0.097613 0.103303 0.108164 0.111578 0.105659 0.117884 0.111108 0.099911 0.098806 0.098346 0.098376 0.107941
0.106843 0.105365 0.099381 0.106094 0.101902 0.103178 0.104904 0.104025 0.101596 0.109272 0.117123 0.106999 0.104811 0.103678 0.107790 0.095230 0.103029 0.111016 0.103316 0.106888 0.105534 0.098425 0.102973 0.090499 0.097870 0.102263 0.113023 0.106985 0.109241 0.111639 0.112184 0.104674 0.105728 0.106537 0.105746 0.103057 0.113670 0.107734 0.103940 0.110760 0.102109 0.097521 0.107674
0.094115 0.095383 0.089535 0.091925 0.089087 0.091006 0.093800 0.097379 0.092085 0.097562 0.106010 0.096878 0.093137 0.096546 0.095230 0.084360 0.091380 0.099362 0.091241 0.094041 0.092543 0.089990 0.092680 0.084965 0.089565 0.089095 0.107375 0.091728 0.092995 0.098140 0.101600 0.096661 0.093133 0.090940 0.099705 0.091687 0.101850 0.097330 0.095547 0.101385 0.094045 0.086115 0.094557
0.098877 0.095085 0.094250 0.100530 0.094457 0.095603 0.103660 0.102172 0.095950 0.104642 0.116440 0.105490 0.102670 0.102722 0.103029 0.091380     -nan 0.093105 0.084536 0.092571 0.098610 0.083070 0.088540 0.082540 0.096820 0.102210 0.120480 0.093543 0.096750 0.093130 0.094050 0.099911 0.101328 0.092890 0.098360 0.096815 0.101940 0.090230 0.097887 0.107060 0.094360 0.088770 0.102330
0.109574 0.108855 0.104030 0.108120 0.105523 0.106765 0.109755 0.111031 0.107595 0.116095 0.124115 0.116025 0.110222 0.111176 0.111016 0.099362 0.093105 0.090150 0.094263 0.100544 0.104629 0.088032 0.099990 0.097040 0.100710 0.106440 0.122640 0.105732 0.108185 0.107570 0.100580 0.109944 0.109853 0.094820 0.106175 0.098480 0.105795 0.098410 0.108333 0.115565 0.104960 0.092435 0.109900
0.101604 0.102475 0.096652 0.101787 0.099225 0.099102 0.102828 0.103296 0.097760 0.107305 0.117972 0.108420 0.102086 0.103842 0.103316 0.091241 0.084536 0.094263 0.086403 0.092906 0.096346 0.082863 0.089246 0.090764 0.091734 0.100380 0.113488 0.097005 0.096598 0.098540 0.099178 0.103169 0.102461 0.092402 0.094044 0.090713 0.098556 0.090502 0.100364 0.110036 0.098390 0.082062 0.104261
0.105863 0.105242 0.100388 0.105898 0.102869 0.102867 0.105633 0.108664 0.105098 0.112061 0.119799 0.110206 0.106084 0.108445 0.106888 0.094041 0.092571 0.100544 0.092906 0.094603 0.099986 0.087344 0.095960 0.091670 0.097874 0.105582 0.120190 0.103064 0.106201 0.102809 0.103025 0.107254 0.105614 0.096798 0.100086 0.093716 0.105283 0.097445 0.105752 0.114895 0.101215 0.090261 0.108960
0.104319 0.103161 0.098684 0.102474 0.100723 0.100448 0.103280 0.106489 0.100876 0.108620 0.116301 0.107862 0.102385 0.106649 0.105534 0.092543 0.098610 0.104629 0.096346 0.099986 0.097971 0.091785 0.098214 0.092043 0.096214 0.101326 0.118000 0.102273 0.103524 0.106007 0.108027 0.104330 0.101346 0.100709 0.103657 0.094470 0.108876 0.101319 0.103742 0.111071 0.098906 0.089936 0.104177
0.097112 0.095462 0.092270 0.094603 0.093760 0.095976 0.099855 0.098925 0.095420 0.100653 0.112595 0.102237 0.097987 0.101123 0.098425 0.089990 0.083070 0.088032 0.082863 0.087344 0.091785 0.077170 0.085430 0.084480 0.090725 0.091360 0.109475 0.094858 0.094545 0.093470 0.093155 0.098589 0.095468 0.084325 0.090470 0.085655 0.091215 0.087355 0.096885 0.105815 0.090790 0.079045 0.098218
0.100405 0.101530 0.093980 0.096505 0.098223 0.098885 0.102850 0.107872 0.100570 0.107595 0.116230 0.109455 0.100110 0.104854 0.102973 0.092680 0.088540 0.099990 0.089246 0.095960 0.098214 0.085430     -nan 0.087430 0.090510 0.101710 0.114340 0.098013 0.097510 0.103100 0.096560 0.106257 0.104140 0.092380 0.095090 0.096285 0.097810 0.093060 0.101887 0.114120 0.098660 0.090080 0.106503
0.088797 0.096205 0.085520 0.088380 0.089023 0.089630 0.090270 0.096543 0.095860 0.096232 0.103840 0.093245 0.088580 0.097414 0.090499 0.084965 0.082540 0.097040 0.090764 0.091670 0.092043 0.084480 0.087430     -nan 0.083060 0.087000 0.103900 0.091760 0.092530 0.097180 0.099350 0.093993 0.093560 0.092770 0.090330 0.091520 0.099640 0.092600 0.089600 0.099180 0.092810 0.079060 0.090667
0.092842 0.094870 0.089300 0.089380 0.090920 0.092362 0.092840 0.097745 0.094320 0.098400 0.104200 0.100720 0.091347 0.098442 0.097870 0.089565 0.096820 0.100710 0.091734 0.097874 0.096214 0.090725 0.090510 0.083060     -nan 0.091470 0.104900 0.093943 0.097630 0.097050 0.103160 0.097166 0.096677 0.096640 0.100630 0.095785 0.103420 0.096400 0.092740 0.108110 0.095870 0.089090 0.096060
0.100392 0.103335 0.093360 0.100625 0.097980 0.098330 0.097870 0.104325 0.094520 0.101985 0.109170 0.103710 0.099177 0.102830 0.102263 0.089095 0.102210 0.106440 0.100380 0.105582 0.101326 0.091360 0.101710 0.087000 0.091470     -nan 0.115320 0.101067 0.100540 0.107940 0.107890 0.101232 0.099320 0.106860 0.106920 0.101110 0.109610 0.105150 0.097767 0.108540 0.100240 0.097230 0.100787
0.118037 0.115305 0.106370 0.121680 0.113437 0.115098 0.117610 0.099207 0.108120 0.116093 0.121410 0.110705 0.111960 0.099732 0.113023 0.107375 0.120480 0.122640 0.113488 0.120190 0.118000 0.109475 0.114340 0.103900 0.104900 0.115320     -nan 0.117067 0.122970 0.125360 0.123430 0.107523 0.115507 0.119230 0.121510 0.118630 0.130430 0.114520 0.105330 0.105620 0.101220 0.109630 0.119853
0.100959 0.102378 0.091703 0.099197 0.098600 0.097761 0.099057 0.108044 0.100303 0.108073 0.116097 0.110867 0.100998 0.109181 0.106985 0.091728 0.093543 0.105732 0.097005 0.103064 0.102273 0.094858 0.098013 0.091760 0.093943 0.101067 0.117067 0.092717 0.092847 0.096480 0.104877 0.105845 0.102943 0.100317 0.103443 0.099330 0.105697 0.097893 0.101094 0.110717 0.102507 0.092343 0.104867
0.102907 0.101845 0.095860 0.103530 0.101377 0.099807 0.105960 0.111455 0.103410 0.108900 0.125330 0.114690 0.103417 0.112276 0.109241 0.092995 0.096750 0.108185 0.096598 0.106201 0.103524 0.094545 0.097510 0.092530 0.097630 0.100540 0.122970 0.092847     -nan 0.101610 0.107460 0.108140 0.105328 0.102300 0.107990 0.102850 0.104340 0.097650 0.103830 0.115100 0.101450 0.095240 0.105167
0.106905 0.107565 0.102250 0.104025 0.105347 0.105385 0.105950 0.113522 0.108340 0.115598 0.126440 0.114890 0.109627 0.113528 0.111639 0.098140 0.093130 0.107570 0.098540 0.102809 0.106007 0.093470 0.103100 0.097180 0.097050 0.107940 0.125360 0.096480 0.101610     -nan 0.106180 0.112377 0.109310 0.098910 0.103000 0.098540 0.102260 0.102400 0.111563 0.123840 0.104600 0.090250 0.111510
0.110453 0.109045 0.102170 0.105045 0.106700 0.107497 0.108160 0.112597 0.106580 0.113058 0.124870 0.114035 0.110380 0.112800 0.112184 0.101600 0.094050 0.100580 0.099178 0.103025 0.108027 0.093155 0.096560 0.099350 0.103160 0.107890 0.123430 0.104877 0.107460 0.106180     -nan 0.109716 0.112100 0.095070 0.106420 0.103535 0.109450 0.099030 0.110347 0.119880 0.107480 0.090520 0.112897
0.105838 0.105727 0.099486 0.105724 0.101359 0.103553 0.106348 0.097853 0.098924 0.106690 0.113872 0.103855 0.101729 0.097613 0.104674 0.096661 0.099911 0.109944 0.103169 0.107254 0.104330 0.098589 0.106257 0.093993 0.097166 0.101232 0.107523 0.105845 0.108140 0.112377 0.109716 0.098611 0.100909 0.107789 0.111078 0.101952 0.115830 0.108497 0.101276 0.102159 0.094466 0.095653 0.106090
0.103260 0.103934 0.098315 0.102861 0.100474 0.100961 0.103355 0.102984 0.098053 0.106129 0.109988 0.104930 0.102269 0.103303 0.105728 0.093133 0.101328 0.109852 0.102461 0.105614 0.101346 0.095467 0.104140 0.093560 0.096677 0.099320 0.115507 0.102943 0.105328 0.109310 0.112100 0.100909 0.097578 0.106313 0.110183 0.098316 0.112280 0.107088 0.101962 0.108115 0.097448 0.094165 0.105217
0.105553 0.103140 0.099280 0.102265 0.103497 0.101190 0.104820 0.107425 0.101370 0.113888 0.120490 0.110445 0.107200 0.108164 0.106537 0.090940 0.092890 0.094820 0.092402 0.096798 0.100709 0.084325 0.092380 0.092770 0.096640 0.106860 0.119230 0.100317 0.102300 0.098910 0.095070 0.107789 0.106313     -nan 0.097740 0.095805 0.099340 0.092330 0.103223 0.111400 0.101930 0.083680 0.106700
0.104545 0.102380 0.101120 0.106460 0.103843 0.103807 0.103990 0.110103 0.102710 0.114190 0.124650 0.111600 0.106240 0.111578 0.105746 0.099705 0.098360 0.106175 0.094044 0.100086 0.103657 0.090470 0.095090 0.090330 0.100630 0.106920 0.121510 0.103443 0.107990 0.103000 0.106420 0.111078 0.110183 0.097740     -nan 0.096945 0.106240 0.098060 0.107213 0.120260 0.106000 0.090630 0.104020
0.104727 0.100660 0.098395 0.099025 0.100820 0.099632 0.101115 0.104976 0.100715 0.105637 0.114475 0.105385 0.101233 0.105659 0.103057 0.091688 0.096815 0.098480 0.090713 0.093716 0.094470 0.085655 0.096285 0.091520 0.095785 0.101110 0.118630 0.099330 0.102850 0.098540 0.103535 0.101952 0.098316 0.095805 0.096945 0.090340 0.099425 0.098495 0.102912 0.108055 0.097115 0.087965 0.103883
0.110682 0.111800 0.105070 0.109325 0.109533 0.109015 0.106600 0.118310 0.108320 0.116315 0.132210 0.122535 0.113207 0.117884 0.113670 0.101850 0.101940 0.105795 0.098556 0.105283 0.108876 0.091215 0.097810 0.099640 0.103420 0.109610 0.130430 0.105697 0.104340 0.102260 0.109450 0.115830 0.112280 0.099340 0.106240 0.099425     -nan 0.103430 0.111560 0.122900 0.110090 0.092240 0.116807
0.104977 0.105700 0.097930 0.107035 0.099253 0.102793 0.106420 0.110400 0.107980 0.112795 0.118740 0.111830 0.105540 0.111108 0.107734 0.097330 0.090230 0.098410 0.090502 0.097445 0.101319 0.087355 0.093060 0.092600 0.096400 0.105150 0.114520 0.097893 0.097650 0.102400 0.099030 0.108497 0.107088 0.092330 0.098060 0.098495 0.103430     -nan 0.106753 0.116980 0.097630 0.086880 0.109480
0.101212 0.102670 0.096923 0.099242 0.097100 0.099320 0.099650 0.098895 0.101187 0.105149 0.111930 0.104400 0.098388 0.099911 0.103940 0.095547 0.097887 0.108333 0.100364 0.105752 0.103742 0.096885 0.101887 0.089600 0.092740 0.097767 0.105330 0.101094 0.103830 0.111563 0.110347 0.101276 0.101962 0.103223 0.107213 0.102912 0.111560 0.106753 0.099603 0.107607 0.098513 0.097220 0.104426
0.117013 0.116190 0.109140 0.113700 0.111253 0.110697 0.112330 0.097752 0.108660 0.113133 0.122110 0.109370 0.110447 0.098806 0.110760 0.101385 0.107060 0.115565 0.110036 0.114895 0.111071 0.105815 0.114120 0.099180 0.108110 0.108540 0.105620 0.110717 0.115100 0.123840 0.119880 0.102159 0.108115 0.111400 0.120260 0.108055 0.122900 0.116980 0.107607     -nan 0.097090 0.099820 0.113017
0.103740 0.103310 0.098570 0.107585 0.103600 0.101032 0.096320 0.095205 0.098880 0.104970 0.117080 0.100255 0.101257 0.098346 0.102109 0.094045 0.094360 0.104960 0.098390 0.101215 0.098906 0.090790 0.098660 0.092810 0.095870 0.100240 0.101220 0.102507 0.101450 0.104600 0.107480 0.094466 0.097448 0.101930 0.106000 0.097115 0.110090 0.097630 0.098513 0.097090     -nan 0.089260 0.104630
0.097967 0.092075 0.093260 0.090830 0.089050 0.093297 0.093250 0.097495 0.091300 0.100492 0.110490 0.096885 0.099580 0.098376 0.097521 0.086115 0.088770 0.092435 0.082062 0.090261 0.089936 0.079045 0.090080 0.079060 0.089090 0.097230 0.109630 0.092343 0.095240 0.090250 0.090520 0.095653 0.094165 0.083680 0.090630 0.087965 0.092240 0.086880 0.097220 0.099820 0.089260     -nan 0.099047
0.102592 0.102490 0.096573 0.102032 0.098767 0.099277 0.101340 0.107402 0.100353 0.106000 0.117187 0.109040 0.103501 0.107941 0.107674 0.094557 0.102330 0.109900 0.104261 0.108960 0.104177 0.098218 0.106503 0.090667 0.096060 0.100787 0.119853 0.104867 0.105167 0.111510 0.112897 0.106090 0.105217 0.106700 0.104020 0.103883 0.116807 0.109480 0.104426 0.113017 0.104630 0.099047 0.103220
