-147.344757   62.534326    6.000000
-136.175136   57.591511    2.000000
-142.876909   62.534326    1.000000
-160.748302   62.534326    2.000000
-131.707287   57.591511    3.000000
-151.812605   62.534326    6.000000
-158.514378   57.591511    1.000000
-111.601970   32.877435    4.000000
-120.537666   32.877435    1.000000
-122.771591   37.820250    4.000000
-116.069818   32.877435    1.000000
-118.303742   37.820250    2.000000
-120.537666   42.763065    3.000000
-109.368045   37.820250    5.000000
-104.900197   37.820250    7.000000
-102.666273   42.763065    2.000000
 -71.391334   42.763065    1.000000
 -82.560955   27.934620    2.000000
 -89.262728   42.763065    5.000000
 -95.964500   37.820250    8.000000
-100.432349   37.820250    7.000000
 -89.262728   32.877435    2.000000
 -95.964500   47.705880    1.000000
-109.368045   47.705880    1.000000
-113.835894   47.705880    1.000000
-116.069818   42.763065    1.000000
-113.835894   37.820250    1.000000
 -64.689561   47.705880    3.000000
 -66.923485   42.763065    1.000000
 -69.157410   47.705880    1.000000
 -73.625258   37.820250    1.000000
-107.134121   32.877435    9.000000
-102.666273   32.877435    4.000000
 -78.093106   37.820250    1.000000
-100.432349   47.705880    1.000000
 -98.198424   32.877435    2.000000
 -80.327031   42.763065    1.000000
 -82.560955   47.705880    1.000000
-118.303742   47.705880    3.000000
-104.900197   27.934620    1.000000
 -95.964500   27.934620    1.000000
 -91.496652   47.705880    1.000000
-107.134121   42.763065    3.000000
