-109.368045   27.934620
-104.900197   27.934620
-100.432349   27.934620
 -95.964500   27.934620
 -91.496652   27.934620
 -87.028803   27.934620
 -82.560955   27.934620
 -78.093106   27.934620
-120.537666   32.877435
-116.069818   32.877435
-111.601970   32.877435
-107.134121   32.877435
-102.666273   32.877435
 -98.198424   32.877435
 -93.730576   32.877435
 -89.262728   32.877435
 -84.794879   32.877435
 -80.327031   32.877435
 -75.859182   32.877435
-122.771591   37.820250
-118.303742   37.820250
-113.835894   37.820250
-109.368045   37.820250
-104.900197   37.820250
-100.432349   37.820250
 -95.964500   37.820250
 -91.496652   37.820250
 -87.028803   37.820250
 -82.560955   37.820250
 -78.093106   37.820250
 -73.625258   37.820250
 -69.157410   37.820250
-138.409060   42.763065
-133.941212   42.763065
-129.473363   42.763065
-125.005515   42.763065
-120.537666   42.763065
-116.069818   42.763065
-111.601970   42.763065
-107.134121   42.763065
-102.666273   42.763065
 -98.198424   42.763065
 -93.730576   42.763065
 -89.262728   42.763065
 -84.794879   42.763065
 -80.327031   42.763065
 -75.859182   42.763065
 -71.391334   42.763065
 -66.923485   42.763065
 -62.455637   42.763065
-154.046530   47.705880
-149.578681   47.705880
-145.110833   47.705880
-140.642984   47.705880
-136.175136   47.705880
-131.707287   47.705880
-127.239439   47.705880
-122.771591   47.705880
-118.303742   47.705880
-113.835894   47.705880
-109.368045   47.705880
-104.900197   47.705880
-100.432349   47.705880
 -95.964500   47.705880
 -91.496652   47.705880
 -87.028803   47.705880
 -82.560955   47.705880
 -78.093106   47.705880
 -73.625258   47.705880
 -69.157410   47.705880
 -64.689561   47.705880
 -60.221713   47.705880
 -55.753864   47.705880
 -51.286016   47.705880
-165.216151   52.648696
-160.748302   52.648696
-156.280454   52.648696
-151.812605   52.648696
-147.344757   52.648696
-142.876909   52.648696
-138.409060   52.648696
-133.941212   52.648696
-129.473363   52.648696
-125.005515   52.648696
-120.537666   52.648696
-116.069818   52.648696
-111.601970   52.648696
-107.134121   52.648696
-102.666273   52.648696
 -98.198424   52.648696
 -93.730576   52.648696
 -89.262728   52.648696
 -84.794879   52.648696
 -80.327031   52.648696
 -75.859182   52.648696
 -71.391334   52.648696
 -66.923485   52.648696
 -62.455637   52.648696
 -57.987789   52.648696
 -53.519940   52.648696
-167.450075   57.591511
-162.982226   57.591511
-158.514378   57.591511
-154.046530   57.591511
-149.578681   57.591511
-145.110833   57.591511
-140.642984   57.591511
-136.175136   57.591511
-131.707287   57.591511
-127.239439   57.591511
-122.771591   57.591511
-118.303742   57.591511
-113.835894   57.591511
-109.368045   57.591511
-104.900197   57.591511
-100.432349   57.591511
 -95.964500   57.591511
 -91.496652   57.591511
 -87.028803   57.591511
 -82.560955   57.591511
 -78.093106   57.591511
 -73.625258   57.591511
 -69.157410   57.591511
 -64.689561   57.591511
 -60.221713   57.591511
-165.216151   62.534326
-160.748302   62.534326
-156.280454   62.534326
-151.812605   62.534326
-147.344757   62.534326
-142.876909   62.534326
-138.409060   62.534326
-133.941212   62.534326
-129.473363   62.534326
-125.005515   62.534326
-120.537666   62.534326
-116.069818   62.534326
-111.601970   62.534326
-107.134121   62.534326
-102.666273   62.534326
 -98.198424   62.534326
 -93.730576   62.534326
 -89.262728   62.534326
 -84.794879   62.534326
 -80.327031   62.534326
 -75.859182   62.534326
 -71.391334   62.534326
-162.982226   67.477141
-158.514378   67.477141
-154.046530   67.477141
-149.578681   67.477141
-145.110833   67.477141
-140.642984   67.477141
-136.175136   67.477141
-131.707287   67.477141
-127.239439   67.477141
-122.771591   67.477141
-118.303742   67.477141
-113.835894   67.477141
