  1  11
  1  12
  1   2
  2  12
  2  13
  2   3
  3  13
  3  14
  3   4
  4  14
  4  15
  4   5
  5  15
  5  16
  5   6
  6  16
  6  17
  6   7
  7  17
  7  18
  7   8
  8  18
  8  19
  9  20
  9  21
  9  10
 10  21
 10  22
 10  11
 11  22
 11  23
 11  12
 12  23
 12  24
 12  13
 13  24
 13  25
 13  14
 14  25
 14  26
 14  15
 15  26
 15  27
 15  16
 16  27
 16  28
 16  17
 17  28
 17  29
 17  18
 18  29
 18  30
 18  19
 19  30
 19  31
 20  36
 20  37
 20  21
 21  37
 21  38
 21  22
 22  38
 22  39
 22  23
 23  39
 23  40
 23  24
 24  40
 24  41
 24  25
 25  41
 25  42
 25  26
 26  42
 26  43
 26  27
 27  43
 27  44
 27  28
 28  44
 28  45
 28  29
 29  45
 29  46
 29  30
 30  46
 30  47
 30  31
 31  47
 31  48
 31  32
 32  48
 32  49
 33  54
 33  55
 33  34
 34  55
 34  56
 34  35
 35  56
 35  57
 35  36
 36  57
 36  58
 36  37
 37  58
 37  59
 37  38
 38  59
 38  60
 38  39
 39  60
 39  61
 39  40
 40  61
 40  62
 40  41
 41  62
 41  63
 41  42
 42  63
 42  64
 42  43
 43  64
 43  65
 43  44
 44  65
 44  66
 44  45
 45  66
 45  67
 45  46
 46  67
 46  68
 46  47
 47  68
 47  69
 47  48
 48  69
 48  70
 48  49
 49  70
 49  71
 49  50
 50  71
 50  72
 51  77
 51  78
 51  52
 52  78
 52  79
 52  53
 53  79
 53  80
 53  54
 54  80
 54  81
 54  55
 55  81
 55  82
 55  56
 56  82
 56  83
 56  57
 57  83
 57  84
 57  58
 58  84
 58  85
 58  59
 59  85
 59  86
 59  60
 60  86
 60  87
 60  61
 61  87
 61  88
 61  62
 62  88
 62  89
 62  63
 63  89
 63  90
 63  64
 64  90
 64  91
 64  65
 65  91
 65  92
 65  66
 66  92
 66  93
 66  67
 67  93
 67  94
 67  68
 68  94
 68  95
 68  69
 69  95
 69  96
 69  70
 70  96
 70  97
 70  71
 71  97
 71  98
 71  72
 72  98
 72  99
 72  73
 73  99
 73 100
 73  74
 74 100
 75 101
 75 102
 75  76
 76 102
 76 103
 76  77
 77 103
 77 104
 77  78
 78 104
 78 105
 78  79
 79 105
 79 106
 79  80
 80 106
 80 107
 80  81
 81 107
 81 108
 81  82
 82 108
 82 109
 82  83
 83 109
 83 110
 83  84
 84 110
 84 111
 84  85
 85 111
 85 112
 85  86
 86 112
 86 113
 86  87
 87 113
 87 114
 87  88
 88 114
 88 115
 88  89
 89 115
 89 116
 89  90
 90 116
 90 117
 90  91
 91 117
 91 118
 91  92
 92 118
 92 119
 92  93
 93 119
 93 120
 93  94
 94 120
 94 121
 94  95
 95 121
 95 122
 95  96
 96 122
 96 123
 96  97
 97 123
 97 124
 97  98
 98 124
 98 125
 98  99
 99 125
 99 100
101 126
101 102
102 126
102 127
102 103
103 127
103 128
103 104
104 128
104 129
104 105
105 129
105 130
105 106
106 130
106 131
106 107
107 131
107 132
107 108
108 132
108 133
108 109
109 133
109 134
109 110
110 134
110 135
110 111
111 135
111 136
111 112
112 136
112 137
112 113
113 137
113 138
113 114
114 138
114 139
114 115
115 139
115 140
115 116
116 140
116 141
116 117
117 141
117 142
117 118
118 142
118 143
118 119
119 143
119 144
119 120
120 144
120 145
120 121
121 145
121 146
121 122
122 146
122 147
122 123
123 147
123 124
124 125
126 148
126 127
127 148
127 149
127 128
128 149
128 150
128 129
129 150
129 151
129 130
130 151
130 152
130 131
131 152
131 153
131 132
132 153
132 154
132 133
133 154
133 155
133 134
134 155
134 156
134 135
135 156
135 157
135 136
136 157
136 158
136 137
137 158
137 159
137 138
138 159
138 139
139 140
140 141
141 142
142 143
143 144
144 145
145 146
146 147
148 149
149 150
150 151
151 152
152 153
153 154
154 155
155 156
156 157
157 158
158 159
