-124.920339   38.220390
 -78.501530   61.330315
 -89.991101   39.531967
-117.885075   43.580608
 -78.983792   38.498099
-159.012361   66.362498
-119.071953   57.795290
-100.745630   31.498088
-158.782967   56.031880
-104.306352   36.606376
-114.692873   48.879489
-109.363346   55.161956
-161.149883   50.534979
 -81.787322   51.370976
 -83.538485   60.063950
-150.223752   53.245256
-125.047441   55.972999
 -64.671472   46.901328
-110.302474   36.911540
 -83.479647   51.586780
 -83.507646   59.010147
 -91.714052   38.477140
 -59.358706   47.200501
-118.478355   51.330249
-124.958980   68.990904
 -97.032598   38.112265
 -88.257912   53.131817
-137.626410   45.264292
-114.327953   38.250188
 -94.437835   39.353641
-108.880553   65.845035
-155.701018   52.140834
-140.896564   43.701421
-164.420308   67.589252
-113.834144   56.904924
 -84.101263   31.146991
 -87.365231   55.450045
-157.009259   62.087321
-155.083584   63.370696
-132.071395   53.390514
