 -90.654134   58.396665
-121.651890   61.963989
-106.309589   44.084248
-102.557425   41.992660
-154.772089   62.506644
 -60.513535   46.946154
-137.184660   49.727599
-144.253797   65.658399
-108.140838   40.436368
 -64.335156   52.985806
-115.835758   38.537477
 -87.171726   50.235720
-167.014263   66.990741
 -76.996180   40.613253
 -94.500001   50.636642
-100.106660   39.369663
-129.092615   61.179727
-113.273754   49.676767
 -80.752736   63.528135
 -75.354485   52.526576
 -81.486278   50.227273
-150.142541   46.199843
-166.116259   53.114152
-109.132987   37.889101
 -96.338819   45.040722
 -77.627483   59.158535
-120.606615   48.760731
-153.098654   67.193980
