0.094191 0.090667 0.101063 0.092519 0.090806 0.091625 0.093718 0.112954 0.104783 0.114778 0.107295 0.107174 0.094115 0.098877 0.109574 0.104379 0.105165 0.103790 0.108528 0.100405 0.088797 0.092842 0.105803 0.102907 0.101895 0.106905 0.110453 0.104235 0.103260 0.104545 0.104977 0.101888 0.112492 0.117013 0.101295
0.090667     -nan 0.096080 0.088725 0.085895 0.086168 0.090860 0.102870 0.099715 0.102220 0.099352 0.099922 0.089535 0.094250 0.104030 0.100575 0.099597 0.097748 0.101310 0.093980 0.085520 0.089300 0.098650 0.095860 0.091080 0.102250 0.102170 0.098211 0.098315 0.101120 0.097930 0.093490 0.104110 0.109140 0.098230
0.101063 0.096080     -nan 0.098950 0.090225 0.095360 0.096370 0.113315 0.108105 0.115060 0.110366 0.108738 0.098010 0.098300 0.109105 0.108615 0.108220 0.104302 0.103720 0.106740 0.097080 0.097650 0.105980 0.104740 0.103090 0.108120 0.113270 0.105871 0.104788 0.107060 0.108840 0.104615 0.111490 0.116690 0.103220
0.092519 0.088725 0.098950 0.092200 0.088360 0.089256 0.088290 0.111463 0.104167 0.111470 0.108586 0.106444 0.091925 0.100530 0.108120 0.104653 0.106398 0.102200 0.108635 0.096505 0.088380 0.089380 0.105445 0.103530 0.100045 0.104025 0.105045 0.104418 0.102861 0.106460 0.107035 0.099038 0.108315 0.113700 0.099635
0.090806 0.085895 0.090225 0.088360 0.079770 0.087032 0.089940 0.107488 0.097985 0.104745 0.100476 0.099097 0.086582 0.089835 0.101608 0.097975 0.099228 0.096430 0.098240 0.094475 0.087095 0.088060 0.098395 0.098480 0.096790 0.102570 0.104455 0.096550 0.097111 0.101755 0.095200 0.094172 0.106705 0.106980 0.093800
0.091625 0.086168 0.095360 0.089256 0.087032 0.086298 0.088412 0.106061 0.100504 0.108910 0.102768 0.101951 0.089940 0.094185 0.105945 0.101445 0.100544 0.098624 0.104692 0.099172 0.089765 0.092258 0.100770 0.098330 0.096857 0.103842 0.104935 0.100962 0.099557 0.102352 0.101495 0.098500 0.104995 0.108782 0.098660
0.093718 0.090860 0.096370 0.088290 0.089940 0.088412     -nan 0.113375 0.105045 0.113600 0.108240 0.105147 0.093800 0.103660 0.109755 0.105755 0.104530 0.102066 0.110400 0.102850 0.090270 0.092840 0.101160 0.105960 0.099040 0.105950 0.108160 0.105142 0.103355 0.103990 0.106420 0.101390 0.108840 0.112330 0.099625
0.112954 0.102870 0.113315 0.111463 0.107488 0.106061 0.113375 0.092900 0.109617 0.116285 0.095459 0.106637 0.101573 0.106340 0.114352 0.108675 0.111800 0.110479 0.113010 0.111620 0.098990 0.101115 0.110140 0.116440 0.111525 0.115600 0.117150 0.100431 0.105618 0.112135 0.115465 0.107258 0.115515 0.101950 0.100975
0.104783 0.099715 0.108105 0.104167 0.097985 0.100504 0.105045 0.109618 0.100510 0.113760 0.109365 0.109629 0.097250 0.104180 0.116473 0.110813 0.110817 0.107509 0.113100 0.108215 0.095280 0.097135 0.104775 0.109535 0.107485 0.118520 0.115675 0.107010 0.106014 0.113530 0.114495 0.103862 0.111750 0.117440 0.105895
0.114778 0.102220 0.115060 0.111470 0.104745 0.108910 0.113600 0.116285 0.113760     -nan 0.114060 0.116498 0.106010 0.116440 0.124115 0.122815 0.119550 0.114832 0.124210 0.116230 0.103840 0.104200 0.109590 0.125330 0.119530 0.126440 0.124870 0.113089 0.109988 0.124650 0.118740 0.114130 0.125520 0.122110 0.112425
0.107295 0.099352 0.110366 0.108586 0.100476 0.102768 0.108240 0.095459 0.109365 0.114060 0.091955 0.102715 0.096546 0.102722 0.111176 0.106466 0.106995 0.105727 0.109694 0.104854 0.097414 0.098442 0.109848 0.112276 0.109612 0.113528 0.112800 0.097392 0.103303 0.111578 0.111108 0.103046 0.113578 0.098806 0.098097
0.107174 0.099922 0.108738 0.106444 0.099097 0.101951 0.105147 0.106637 0.109629 0.116498 0.102715 0.108065 0.095272 0.104180 0.111669 0.106178 0.107127 0.105172 0.110875 0.103587 0.090090 0.098435 0.106908 0.109402 0.109080 0.113353 0.112872 0.103331 0.105572 0.106418 0.109185 0.105670 0.110885 0.109880 0.102407
0.094115 0.089535 0.098010 0.091925 0.086583 0.089940 0.093800 0.101572 0.097250 0.106010 0.096546 0.095272 0.084360 0.091380 0.099362 0.094622 0.093452 0.091942 0.097965 0.092680 0.084965 0.089565 0.093225 0.092995 0.093865 0.098140 0.101600 0.095432 0.093133 0.099705 0.097330 0.094180 0.097795 0.101385 0.095853
0.098877 0.094250 0.098300 0.100530 0.089835 0.094185 0.103660 0.106340 0.104180 0.116440 0.102722 0.104180 0.091380     -nan 0.093105 0.086785 0.092990 0.099414 0.092320 0.088540 0.082540 0.096820 0.102760 0.096750 0.094930 0.093130 0.094050 0.098494 0.101328 0.098360 0.090230 0.104625 0.100930 0.107060 0.098395
0.109574 0.104030 0.109105 0.108120 0.101608 0.105945 0.109755 0.114352 0.116473 0.124115 0.111176 0.111669 0.099362 0.093105 0.090150 0.097620 0.100525 0.105990 0.097225 0.099990 0.097040 0.100710 0.114600 0.108185 0.109645 0.107570 0.100580 0.108962 0.109853 0.106175 0.098410 0.110513 0.102830 0.115565 0.107823
0.104379 0.100575 0.108615 0.104653 0.097975 0.101445 0.105755 0.108675 0.110813 0.122815 0.106466 0.106178 0.094622 0.086785 0.097620 0.094060 0.095862 0.100549 0.095795 0.095245 0.091225 0.093125 0.108420 0.098410 0.103655 0.099065 0.102700 0.103808 0.104481 0.099380 0.094720 0.106293 0.099055 0.110690 0.103695
0.105165 0.099597 0.108220 0.106398 0.099228 0.100544 0.104530 0.111800 0.110817 0.119550 0.106995 0.107127 0.093452 0.092990 0.100525 0.095862 0.090857 0.100698 0.095447 0.095093 0.090270 0.098977 0.105960 0.106820 0.106827 0.101713 0.101833 0.106287 0.105152 0.099780 0.097023 0.106985 0.098817 0.113777 0.103958
0.103790 0.097748 0.104302 0.102200 0.096430 0.098624 0.102066 0.110479 0.107509 0.114832 0.105727 0.105172 0.091942 0.099414 0.105990 0.100549 0.100698 0.097116 0.103710 0.099156 0.092162 0.096526 0.103678 0.102616 0.104556 0.107666 0.108086 0.102045 0.100374 0.104826 0.103330 0.102567 0.102706 0.110348 0.103814
0.108528 0.101310 0.103720 0.108635 0.098240 0.104692 0.110400 0.113010 0.113100 0.124210 0.109694 0.110875 0.097965 0.092320 0.097225 0.095795 0.095447 0.103710     -nan 0.096120 0.093340 0.103130 0.110650 0.106490 0.107710 0.103510 0.102190 0.106190 0.105192 0.101550 0.099040 0.111045 0.096960 0.112010 0.106985
0.100405 0.093980 0.106740 0.096505 0.094475 0.099172 0.102850 0.111620 0.108215 0.116230 0.104854 0.103587 0.092680 0.088540 0.099990 0.095245 0.095093 0.099156 0.096120     -nan 0.087430 0.090510 0.106660 0.097510 0.102070 0.103100 0.096560 0.104564 0.104140 0.095090 0.093060 0.100630 0.104390 0.114120 0.102955
0.088797 0.085520 0.097080 0.088380 0.087095 0.089765 0.090270 0.098990 0.095280 0.103840 0.097414 0.090090 0.084965 0.082540 0.097040 0.091225 0.090270 0.092162 0.093340 0.087430     -nan 0.083060 0.093810 0.092530 0.095480 0.097180 0.099350 0.092123 0.093560 0.090330 0.092600 0.090005 0.097450 0.099180 0.091000
0.092842 0.089300 0.097650 0.089380 0.088060 0.092258 0.092840 0.101115 0.097135 0.104200 0.098442 0.098435 0.089565 0.096820 0.100710 0.093125 0.098977 0.096526 0.103130 0.090510 0.083060     -nan 0.100610 0.097630 0.093890 0.097050 0.103160 0.095963 0.096677 0.100630 0.096400 0.091550 0.102420 0.108110 0.093465
0.105803 0.098650 0.105980 0.105445 0.098395 0.100770 0.101160 0.110140 0.104775 0.109590 0.109848 0.106908 0.093225 0.102760 0.114600 0.108420 0.105960 0.103678 0.110650 0.106660 0.093810 0.100610     -nan 0.113850 0.108070 0.114970 0.113630 0.103721 0.101250 0.110390 0.112810 0.104735 0.112150 0.118840 0.106715
0.102907 0.095860 0.104740 0.103530 0.098480 0.098330 0.105960 0.116440 0.109535 0.125330 0.112276 0.109402 0.092995 0.096750 0.108185 0.098410 0.106820 0.102616 0.106490 0.097510 0.092530 0.097630 0.113850     -nan 0.091970 0.101610 0.107460 0.106454 0.105328 0.107990 0.097650 0.104185 0.108240 0.115100 0.104935
0.101895 0.091080 0.103090 0.100045 0.096790 0.096857 0.099040 0.111525 0.107485 0.119530 0.109612 0.109080 0.093865 0.094930 0.109645 0.103655 0.106827 0.104556 0.107710 0.102070 0.095480 0.093890 0.108070 0.091970     -nan 0.101390 0.104500 0.105696 0.105612 0.104500 0.097500 0.103835 0.110230 0.115460 0.102575
0.106905 0.102250 0.108120 0.104025 0.102570 0.103842 0.105950 0.115600 0.118520 0.126440 0.113528 0.113353 0.098140 0.093130 0.107570 0.099065 0.101713 0.107666 0.103510 0.103100 0.097180 0.097050 0.114970 0.101610 0.101390     -nan 0.106180 0.111486 0.109310 0.103000 0.102400 0.111610 0.103700 0.123840 0.111880
0.110453 0.102170 0.113270 0.105045 0.104455 0.104935 0.108160 0.117150 0.115675 0.124870 0.112800 0.112872 0.101600 0.094050 0.100580 0.102700 0.101833 0.108086 0.102190 0.096560 0.099350 0.103160 0.113630 0.107460 0.104500 0.106180     -nan 0.108569 0.112100 0.106420 0.099030 0.112145 0.108790 0.119880 0.110605
0.104235 0.098211 0.105871 0.104418 0.096550 0.100962 0.105142 0.100431 0.107010 0.113089 0.097392 0.103331 0.095432 0.098494 0.108962 0.103808 0.106287 0.102045 0.106190 0.104564 0.092123 0.095963 0.103721 0.106454 0.105696 0.111486 0.108569 0.097718 0.099770 0.109781 0.107139 0.101516 0.107826 0.101610 0.099531
0.103260 0.098315 0.104788 0.102861 0.097111 0.099557 0.103355 0.105618 0.106014 0.109988 0.103303 0.105573 0.093133 0.101328 0.109852 0.104481 0.105152 0.100374 0.105192 0.104140 0.093560 0.096677 0.101250 0.105328 0.105612 0.109310 0.112100 0.099770 0.097578 0.110183 0.107088 0.103806 0.105718 0.108115 0.102142
0.104545 0.101120 0.107060 0.106460 0.101755 0.102352 0.103990 0.112135 0.113530 0.124650 0.111578 0.106418 0.099705 0.098360 0.106175 0.099380 0.099780 0.104826 0.101550 0.095090 0.090330 0.100630 0.110390 0.107990 0.104500 0.103000 0.106420 0.109781 0.110183     -nan 0.098060 0.106130 0.105840 0.120260 0.106825
0.104977 0.097930 0.108840 0.107035 0.095200 0.101495 0.106420 0.115465 0.114495 0.118740 0.111108 0.109185 0.097330 0.090230 0.098410 0.094720 0.097023 0.103330 0.099040 0.093060 0.092600 0.096400 0.112810 0.097650 0.097500 0.102400 0.099030 0.107139 0.107088 0.098060     -nan 0.105725 0.103740 0.116980 0.107645
0.101888 0.093490 0.104615 0.099038 0.094172 0.098500 0.101390 0.107258 0.103862 0.114130 0.103046 0.105670 0.094180 0.104625 0.110513 0.106292 0.106985 0.102567 0.111045 0.100630 0.090005 0.091550 0.104735 0.104185 0.103835 0.111610 0.112145 0.101516 0.103806 0.106130 0.105725 0.101620 0.108720 0.109885 0.100010
0.112492 0.104110 0.111490 0.108315 0.106705 0.104995 0.108840 0.115515 0.111750 0.125520 0.113578 0.110885 0.097795 0.100930 0.102830 0.099055 0.098817 0.102706 0.096960 0.104390 0.097450 0.102420 0.112150 0.108240 0.110230 0.103700 0.108790 0.107826 0.105718 0.105840 0.103740 0.108720     -nan 0.114770 0.111030
0.117013 0.109140 0.116690 0.113700 0.106980 0.108782 0.112330 0.101950 0.117440 0.122110 0.098806 0.109880 0.101385 0.107060 0.115565 0.110690 0.113777 0.110348 0.112010 0.114120 0.099180 0.108110 0.118840 0.115100 0.115460 0.123840 0.119880 0.101610 0.108115 0.120260 0.116980 0.109885 0.114770     -nan 0.104360
0.101295 0.098230 0.103220 0.099635 0.093800 0.098660 0.099625 0.100975 0.105895 0.112425 0.098097 0.102407 0.095853 0.098395 0.107823 0.103695 0.103958 0.103814 0.106985 0.102955 0.091000 0.093465 0.106715 0.104935 0.102575 0.111880 0.110605 0.099531 0.102142 0.106825 0.107645 0.100010 0.111030 0.104360 0.098660
